,Astro,Endo,ExcitatoryL2and3,ExcitatoryL4,ExcitatoryL5,ExcitatoryL6,Micro,Olig,Pvalb,Smc,Sst,Vip
0,0.05347541445053376,0.042427656215843663,0.06589113110919267,0.062009302876419356,0.2184020918643494,0.22416858581168977,0.028338251235167547,0.04051109121485238,0.08129016685159471,0.036065937778233755,0.07750541031051351,0.06991496028160951
1,0.14181446620177182,0.07753538343464456,0.029616478780053045,0.03627464030161185,0.13773682047584745,0.12290663066614646,0.057297543852925334,0.1152338999128215,0.059610758852208366,0.08383268203615785,0.06792630450500557,0.07021439098080624
2,0.10816877791289094,0.08519796163522149,0.030225292695392935,0.027546919937496264,0.10818976095414515,0.1054824356189322,0.09544267195827438,0.19061839887858278,0.05532278884772133,0.08948067480858952,0.0543228353447956,0.050001481407957404
3,0.24972988649285663,0.11173572905924764,0.01988664317887836,0.021309986329522444,0.0589962025444061,0.06233691092519802,0.08189711090006317,0.19954918087575427,0.03456953480657138,0.10538708327974644,0.027599081543961568,0.027002650063793883
4,0.02553007525072502,0.03827817171135796,0.06799097568846617,0.07328326830044354,0.24063466484295304,0.2906592467053751,0.03276723934410285,0.040532764401621686,0.04758292223419572,0.041139213252555436,0.059783804885978266,0.04181765338222517
5,0.025897193396848303,0.0207961022953783,0.07653435290512649,0.0737773942200477,0.26039878299531627,0.33216792394810946,0.03154270253734548,0.02800828951001213,0.03565294821798518,0.036517744357140974,0.043168398804354295,0.0355381668123354
6,0.020136432617997954,0.019406777852052155,0.08138278459549673,0.07058716735372626,0.25071735426548447,0.30555583005741443,0.029951885238550725,0.034668019579811075,0.04966511532437934,0.03262385022836369,0.05488534909719037,0.05041943378953268
7,0.03000858110167824,0.031046144902157215,0.06349718243337192,0.06739961872397306,0.259801492142498,0.25958958653112574,0.03535435113325618,0.044891392752617304,0.05386273126507492,0.04152928543202505,0.05884696555819451,0.05417266802402804
8,0.03552370828665601,0.025120642380075598,0.06816254466686877,0.071896534344313,0.2632737725289321,0.24152708230114853,0.030952533499967592,0.04223956861659902,0.073716731275767,0.03770848131656536,0.06163596810947614,0.048242432673630965
9,0.05747168465830644,0.0294278481830797,0.06030004521910878,0.06478914163918223,0.26484112885195366,0.23262325557434407,0.04157345036367108,0.052545049962331815,0.05697607547963222,0.037492175558745185,0.05653485635217965,0.04542528815746517
10,0.01663578294632305,0.017105807216831703,0.07616237932509264,0.10253466349226437,0.29534605165652983,0.2423917638464213,0.026704827936138337,0.018530250680698676,0.06201418017550355,0.02337678859247491,0.06077847003127862,0.058419034100442954
11,0.024381357915776954,0.030652689868042756,0.08806918792924222,0.12675117817731146,0.2562172765970775,0.20591888898751307,0.03400413291864064,0.02852954498121759,0.05360930518721862,0.039703884913943006,0.0659604130987687,0.04620213942524755
12,0.021798943563464335,0.016871881646643203,0.10300359607092345,0.13853139422765381,0.28599547178855306,0.22421589273212536,0.021453136425193055,0.023294848192270377,0.04737739159148563,0.02479537288751156,0.04559232254926183,0.04706974832491427
13,0.017558368127959204,0.02081308656592503,0.1180664685450135,0.12486314919533952,0.25745704934600455,0.2476068204833563,0.03259447663771737,0.022085676173073686,0.043206776360697405,0.03375930677315646,0.042276830013136216,0.03971199177862089
14,0.0174919275267432,0.03221507083638723,0.11846023377216638,0.10198483790623483,0.23321301395508923,0.23239631021875948,0.028234639731952636,0.02550059441737617,0.05786751320096404,0.04534491621373443,0.06462592960820186,0.04266501261239063
15,0.02356503023524442,0.036752835871230814,0.12921096988674094,0.08747262364134831,0.23645754813662484,0.24259752751048308,0.031802979447345225,0.03118633877631709,0.050943616066934504,0.04050876238613148,0.047553165851403525,0.04194860219019566
16,0.0464032599304156,0.03622138132234461,0.1089317317136804,0.0801120348486397,0.24087794112759697,0.2335264106006058,0.03218991184608662,0.037371181062037746,0.04702358564548878,0.051434296974196006,0.04498169088425796,0.04092657404464961
17,0.02885035853090068,0.04501162897079831,0.08800865615265936,0.07460849744222382,0.2224952800198584,0.23033149856135335,0.04293506084152328,0.025314355190954645,0.05194896812750386,0.0490690602108909,0.06467446611327958,0.07675216983805382
18,0.17994562343804374,0.0845017071702038,0.018259092187931626,0.022314135452383543,0.07852696115450378,0.07836655331803158,0.2128888794045729,0.07581975920666537,0.05370988533022665,0.11048220235074722,0.039187105388119606,0.04599809559857033
19,0.10798934336429891,0.0556406861448029,0.03324167788063995,0.031518823959593406,0.1305726955114797,0.13148969925989767,0.08375406665590752,0.06628401010979051,0.0854767367339308,0.04974498799145685,0.09169766733281758,0.13258960505538414
20,0.1227753967309428,0.05044535847749906,0.043441960258969924,0.0454442073711024,0.16966833100886433,0.1426637257635524,0.06430590482121509,0.08322535635126006,0.07651642881809595,0.04765451610722351,0.07761086219415599,0.0762479520971186
21,0.1560791254381799,0.08397543335257635,0.0300204643028649,0.027572658518423707,0.11686378716427538,0.09125220342701935,0.07564510266070255,0.20520832639197958,0.0409690724615846,0.08386216060987066,0.04602322604751312,0.04252843962500998
22,0.14873921545220306,0.0862143211829791,0.03298249252589718,0.03427160072995391,0.11537979718008792,0.10200879697720817,0.08983720612798173,0.17359510449341292,0.04739443936465377,0.07898064991212268,0.04531097705753163,0.04528539899596808
23,0.044869131259662444,0.03933818143770279,0.054228172454441136,0.05575999508086313,0.23231546810320547,0.3119290831055932,0.03942659694204186,0.0415131095961669,0.04880890755560546,0.04815973256088682,0.047424990207971515,0.03622663169585914
24,0.023023685124917592,0.022922136167990298,0.07880170075765912,0.07921625360688436,0.255583104089045,0.30848465379717577,0.03268572116743384,0.028860114911499327,0.041732482369920845,0.025373151426049227,0.05303945786152129,0.05027753871990329
25,0.012905773124886482,0.01465268543166277,0.08811414972091956,0.07784003819138902,0.2801533552358846,0.3494319132902919,0.02032328153202003,0.018112658239434965,0.033181956669178905,0.025646809808276202,0.04210919758666553,0.03752818116939005
26,0.0196014005544203,0.028737678384130046,0.0770052321200306,0.06763220276441949,0.27814271332040674,0.2725986460930695,0.03132572120718766,0.03300479229709433,0.05629364150978543,0.03635089785219034,0.05771965417335608,0.041587419723909454
27,0.037221965691028085,0.03618664678478518,0.07241295564066132,0.06635009063559356,0.2829557428132642,0.2559861396841218,0.029427842582601213,0.04034223356037476,0.04875123661233521,0.028775075486912324,0.05396231421077961,0.04762775629754274
28,0.06688497721364148,0.07108534654018478,0.055725130021728825,0.05119455676415792,0.19347024413989924,0.17163946423960388,0.0712298018475312,0.09701115766605267,0.05240105092763338,0.05734505795481485,0.058452578464503954,0.05356063422024796
29,0.05184309422227108,0.050140877244462354,0.06900312480837478,0.07388954094941086,0.24907695232314478,0.20675506860367815,0.04151749135878003,0.04012167530933422,0.05584429491914171,0.042379335398603474,0.05851821025954944,0.060910334603249135
30,0.04100240674365036,0.07245204847459417,0.06458086599392776,0.08567362565683548,0.21573686153031332,0.18286980275687215,0.0615108419815277,0.04540898605767017,0.05964834668647355,0.05937219036472553,0.05661043507165012,0.05513358868175986
31,0.029983356454368344,0.05463704525307394,0.07745961390890221,0.10144866155512335,0.22915100477964076,0.21319143719037711,0.048951604827914115,0.03343445326934478,0.06092662813929139,0.055159500347279844,0.050928796456322284,0.04472789781836179
32,0.04171855754905328,0.07121165849053077,0.09659185025585616,0.10033534088057686,0.21212261740451901,0.20856197563274936,0.04702328776102718,0.03947004623523345,0.05059847181374416,0.045940659576146466,0.04938679664094476,0.03703873775961849
33,0.06571037041655169,0.05580441242077395,0.09281595772110235,0.08410192020568358,0.2085236431306405,0.22312099076907935,0.04257975491173889,0.0458148799559943,0.03636713482018529,0.06437398329910204,0.03809669459468583,0.0426902577544624
34,0.03156726020916451,0.03790502163086077,0.1132300906550827,0.0961350824509225,0.23555727096166812,0.23195495026946042,0.03299157057980874,0.028104598025330496,0.05100693612052832,0.04562471053854278,0.04962037359699481,0.04630213496163575
35,0.028303400617016153,0.056968286384729956,0.09639882114714163,0.07235127860903577,0.21367715458874237,0.19802588882034697,0.05082886330436446,0.04014691729216644,0.07717541697514949,0.044773170487828286,0.06143744957556236,0.05991335219791622
36,0.04906897057388235,0.0859743743900871,0.10081670660696584,0.07709802716609698,0.17906469420722165,0.18644943037543393,0.07573625176562605,0.04410294302247915,0.03834451873743459,0.07852406030383831,0.03719399010283904,0.04762603274809521
37,0.10641713112463975,0.11027384291199892,0.03719855540410426,0.03637925865956418,0.1427202291694593,0.13238841031301496,0.09023649309748612,0.06182167337204007,0.06832183843344057,0.07355010115885889,0.06956643242249216,0.07112603393290094
38,0.016076884626354124,0.02340485440993062,0.08078376321211053,0.07320122417183213,0.26989519098590287,0.27305196414030075,0.023056074681553032,0.030211582839457764,0.0635405711038082,0.027466220481592977,0.06376273181407839,0.05554893753307855
39,0.07136008434552756,0.05607874606085532,0.049150412253935974,0.04411576096269684,0.19160691946944952,0.16274837360035785,0.055481000838108994,0.10422917504993018,0.07579696480270884,0.05570692149852598,0.06479741301271201,0.06892822810519096
40,0.1904363036807752,0.09971915623348612,0.0243221501777471,0.016707446952393783,0.07868155601831103,0.08399381035830393,0.09241067566948158,0.18626094923802988,0.04103759613725057,0.095400449044428,0.03847954373567788,0.052550362754114996
41,0.17128595797766122,0.09190718704673155,0.02818245642111996,0.024420348625774684,0.1050705566872148,0.1040890079672157,0.07393486093994998,0.14652094659000484,0.04911166963381248,0.11100532469197906,0.04628832642146904,0.048183356997066586
42,0.03520952207453625,0.026980008263457405,0.06375684417110662,0.06600063419893037,0.2548874738729415,0.2912770757838367,0.03920933484536089,0.043259054019703654,0.041913455356701226,0.043428016776695666,0.05404605778321914,0.040032522853510596
43,0.023929381279683554,0.022158264966974983,0.08736222754174273,0.07317031230688924,0.2663742633343727,0.3174438306338249,0.028609946111795712,0.023689697392696836,0.040872639467699166,0.03795126560959778,0.045462310783792946,0.03297586057092944
44,0.043088128630437705,0.025490015657820907,0.06442968608489487,0.06951538799429968,0.24118704350740436,0.26142934923823985,0.033848031624098204,0.04136122403802472,0.07366536060654146,0.03502350160090699,0.06214839262249093,0.04881387839484046
45,0.09074782701687283,0.05801377622079404,0.06363953012610771,0.057159026689011815,0.19696730565488096,0.19558252999542342,0.04526280086559222,0.067460976103396,0.056273668837297654,0.05465554580343625,0.05988722777705411,0.05434978491013311
46,0.07697933336194875,0.040628531101659274,0.060799538774713224,0.06923479218006855,0.23111576807137205,0.21285472613036857,0.042815788500233085,0.05339253632507489,0.05163046868181944,0.046539731165840606,0.05678532816486115,0.05722345754204056
47,0.03622498820507133,0.023960984084454084,0.07647046426611767,0.0690700742723647,0.29410655792083473,0.21144903406809576,0.03198833660489689,0.03407526095184546,0.06318066704080588,0.030127257072141044,0.059824914935748985,0.06952146057762318
48,0.025290664323691533,0.02344841427331407,0.0796971933049314,0.10151372761062386,0.2855884139210336,0.22225149981026882,0.028136084158924563,0.027154788729073117,0.0652493753342412,0.03283458054333243,0.057473947227860894,0.05136131076270433
49,0.03147810484858343,0.021607754904220174,0.07332234294724158,0.12761301684930035,0.2712775118862625,0.21703449206618278,0.025782665557356275,0.024651201566175784,0.06963871735456229,0.03314626285069959,0.0572604590858118,0.047187470083603494
50,0.02066379025719809,0.023792362410423748,0.09281133087445607,0.12318301875274845,0.24768867382534188,0.2361366030444209,0.03009838702986425,0.02714772720448309,0.06864758626592117,0.024998163293344554,0.0553181949870579,0.049514162054739734
51,0.030453005039941035,0.03760914992142774,0.11449658844507489,0.09558309709584402,0.24273406453127228,0.23262256785504035,0.027180591248323602,0.032829541941142515,0.05554253058496417,0.03817217147278554,0.04414415865345451,0.04863253321072947
52,0.019069819749708387,0.018869687981025618,0.10481625394333315,0.0890514588332865,0.23967154938620291,0.25104883352251467,0.024700538204224944,0.0210853460493586,0.08350697951083601,0.03222950980870114,0.07016333902044089,0.045786683990367144
53,0.013916631339610299,0.015358728738371272,0.13358296628908442,0.11621422507205607,0.2479440183272838,0.24795318799997912,0.021151045930339566,0.02289898455743954,0.04587993572088052,0.021443429924463856,0.052564878150916504,0.06109196794957502
54,0.01695940968498363,0.019625423811847002,0.12743375458565157,0.09530732808453363,0.21412686835104544,0.23325488109951664,0.02143608439693262,0.016921334689884666,0.06942442990829864,0.03696109454940965,0.08355470298746837,0.06499468785042817
55,0.08712824690717988,0.038690064785791796,0.06265121900701054,0.06447394346795739,0.18120425380797714,0.16158140275740593,0.0666850901012711,0.04822722054659723,0.0797590859391176,0.04782053749571118,0.07744738902717598,0.08433154615680426
56,0.2293657117218621,0.12263179845850444,0.03400156584594505,0.030436921896729193,0.09560401937463209,0.09047115575616235,0.09521499622154429,0.09281348186748029,0.04711169179579981,0.06946151385201182,0.039966313053781115,0.05292083015554749
57,0.027847949896638483,0.04470020673568144,0.07258425702464415,0.05660452385684204,0.24373566937762609,0.24855066460218644,0.05434008863446569,0.060989142541313324,0.050274125593662164,0.043994217460263996,0.050336800354975904,0.046042353921700245
58,0.11475419120346543,0.07500463227002746,0.043481866187567705,0.04537109124092937,0.18412234761378857,0.1524525520054377,0.06706759299233725,0.07754211324106863,0.05723979670800132,0.06267393652795933,0.06303915361712852,0.057250726392288724
59,0.15415582746586973,0.10899725915717831,0.02340911576525199,0.021604630898685615,0.08104385625764218,0.07961119576369222,0.11979696171714352,0.18512804026956814,0.04013907863085697,0.110588477060271,0.0384808430524458,0.03704471396139451
60,0.07309768483326301,0.10679812840937103,0.0349942282092385,0.031119477594190655,0.10458713583995007,0.10946090948622988,0.10028196877084936,0.1884209405740126,0.058721600124088336,0.07351989006293151,0.05774667571308559,0.061251360382789534
61,0.033750584143512,0.038377762183629975,0.06324601575739165,0.05973256257278145,0.24185224685278653,0.27375968909357734,0.03968312094566409,0.05091299643804438,0.05620166414581566,0.03337548921574175,0.06215613228229573,0.04695173636875958
62,0.034596088682177326,0.03437330042994367,0.08892962088954841,0.07516626247920317,0.24657831534321958,0.2688623835345051,0.03359381797330301,0.03334902061553324,0.04669438213054722,0.03890840964945442,0.054368986114967224,0.04457941215759761
63,0.012623933040279634,0.014443151746910191,0.0817968165263636,0.07833256684524807,0.2690690909541279,0.31837988662572636,0.020555407199690578,0.021117306277582615,0.05080530186310321,0.030236353906289485,0.0585161103908147,0.04412407462386382
64,0.023891637377038387,0.020386603413366813,0.054808593530201746,0.06259340653235289,0.2881930222769264,0.27011186149877386,0.03176299164541193,0.03144292647835691,0.05933720958154494,0.033976923893099024,0.06971508492192989,0.05377973885099709
65,0.020748778137366256,0.02937201934521607,0.07387057731235398,0.07155646123794049,0.28243161984674525,0.24853646693639667,0.02794050600171898,0.04008394306758536,0.058264563478198375,0.03517148821220557,0.05870840140892575,0.05331517501534719
66,0.030548670058086983,0.02444112245406139,0.0917040145917143,0.08176684867295564,0.2756894666560138,0.2513137865005633,0.027925342971378865,0.027068938586751513,0.06237358014034717,0.026736171016536844,0.06100333245052819,0.03942872590106226
67,0.019135320695424625,0.034151648709979734,0.0742252971199069,0.10431743860791949,0.25379924429527256,0.21058066559732028,0.03737895941893253,0.03906974121868807,0.06951288777994918,0.031189478559210962,0.06486003228017338,0.06177928571722228
68,0.039857508565338415,0.03997119366849039,0.09049172560129595,0.11885446678109236,0.23675966164417492,0.19612788563340933,0.04507240631672826,0.03802624897031187,0.054892862281928655,0.047401787846487436,0.04738013542095886,0.045164117269783394
69,0.020479846123150763,0.027014468279153613,0.09585752726070026,0.14265646064857648,0.26453492666962947,0.22895675064597792,0.03457597195278613,0.03455368317999278,0.04161202234490001,0.03095899833452107,0.04129000980436616,0.0375093347562452
70,0.032939663062703184,0.019522647708793556,0.0947065369277022,0.11387311326975734,0.2539826637385569,0.22788669439383707,0.033220139457233205,0.03375817430290397,0.059938253808101596,0.03140917343438171,0.05506017623295814,0.04370276366307091
71,0.03462610962602782,0.034905261674720155,0.1230249864509929,0.09619772055550928,0.227075659405882,0.22971959891791752,0.028788579948111806,0.02670269678919118,0.051008557558091625,0.03866577494496039,0.05467572059151344,0.054609333537081854
72,0.03531223232636864,0.028391324993238137,0.104119603733046,0.09396923742514775,0.21194071050563765,0.21620367169694188,0.03354429555737227,0.03289383366253661,0.07855144568559551,0.031258474281349855,0.07165497092690525,0.06216019920586057
73,0.018312866061289217,0.022140647879304826,0.16191385554412957,0.09709057177373431,0.2465038220382798,0.25577248150797605,0.02618857159405321,0.021287782410096927,0.04063971409840595,0.031056798717541727,0.04180345810636954,0.03728943026881893
74,0.1318548137086823,0.05684572228098932,0.04470025968726114,0.043201943471973904,0.13907419681555655,0.12780000714683715,0.11004360505664257,0.06053559416507111,0.07149528054357132,0.06566775022526042,0.06418417064500911,0.08459665625314514
75,0.2816230379468497,0.08137042647856767,0.020752052726676573,0.02327953756428299,0.08802661301646744,0.08219283342303019,0.0759575254027648,0.11688622621263015,0.0553956189241003,0.07636716236880417,0.039310711293065674,0.058838254642760504
76,0.02672167757719164,0.03237504722240709,0.06152688323613472,0.0735895883044449,0.2688938476811295,0.22212371394277833,0.04795052927817673,0.03471560015786382,0.05478356952202475,0.040358142935208834,0.06413133914247951,0.07283006100016026
77,0.18801071126097252,0.05882188132637159,0.029956394637616904,0.03164337796624008,0.16822777077223444,0.12848427125695486,0.06234073837169803,0.08459100433014705,0.05575318901406435,0.06008622520270074,0.06432185541483185,0.06776258044616755
78,0.17223297193464407,0.1130060949006535,0.019157383273397322,0.02754025145762678,0.09847217892181158,0.07674104625897657,0.08183632209473696,0.17001744818917985,0.060294506471094744,0.06874366945387875,0.053877220907839966,0.058080906136159925
79,0.15556566116728102,0.0770322281053704,0.02971672757199869,0.028487969132705095,0.12691883442866184,0.11616437658524262,0.07450606014628265,0.1494453307850374,0.04654715095264162,0.09802510988290492,0.04524432833796656,0.05234622290390724
80,0.03341947185400149,0.02831189621900011,0.05892047897205387,0.05647359851292704,0.26438535599903784,0.3027073907198727,0.03686144310927975,0.03277708952675083,0.04934038420395468,0.03765487064888829,0.049611790359557456,0.04953622987467607
81,0.021081524048776355,0.03223835761283862,0.08261544345550034,0.06858578421004209,0.24804636753730278,0.3111559286488978,0.041244215596187635,0.031900365029734534,0.036837572946375664,0.03421896383722433,0.04918726471302069,0.04288821236409891
82,0.06333128595743921,0.03756148411091489,0.06554468019996618,0.06233988858081096,0.20858046615176426,0.22253320408838279,0.028974325113099438,0.04810360833350553,0.08406527239544236,0.05206409657473967,0.06576024533578614,0.06114144315814843
83,0.05399905652752847,0.03789544670463442,0.06438412607857132,0.06043237147313796,0.19862263325530066,0.18984953708398744,0.04024692393325795,0.05535759373629939,0.09256507096480111,0.051069914975917986,0.08669311742109928,0.068884207845464
84,0.060134800927174686,0.0321165833643846,0.06935875636978539,0.061473295460625396,0.24450672730673134,0.22483593792197654,0.03493261497067515,0.039593503394356425,0.06281107852749762,0.04194007122640572,0.06374913816277936,0.06454749236760772
85,0.06919414400607143,0.04548593154552666,0.0656441908496123,0.07625955614529177,0.25065043685948446,0.18186718838182073,0.05361215341629846,0.05918086458475665,0.05518511937230709,0.05324013041331457,0.04589033909983319,0.043789945325682464
86,0.027850375164407186,0.030953974373247786,0.06955425642976329,0.10102996053837457,0.23534245178915353,0.2061379723773605,0.03364002548451057,0.03636595633660854,0.08219489075500092,0.03951626275141859,0.07941757581830684,0.057996298181847664
87,0.03104539306560739,0.023760362521634725,0.10611319554251251,0.13218899150003718,0.25911817031324136,0.21455665045678848,0.030972878559933168,0.03142398884689892,0.04613032718995164,0.032102764847888675,0.05098099371019155,0.041606283445314196
88,0.022980804975089374,0.02603599609046025,0.08123382977431232,0.13403220776998573,0.254299649815185,0.22910293763900874,0.033447752942860794,0.026876165158121027,0.0604060343891541,0.03559245225365082,0.05346501768978335,0.04252715150238843
89,0.03826750737873238,0.042417299557592276,0.08898572274825116,0.1078237678274645,0.22552048464215835,0.18792437991505145,0.045453197952647725,0.06016655872670924,0.05631869444357803,0.04782997336918733,0.05338772550442505,0.04590468793420258
90,0.038925973369975095,0.03733090753239251,0.12699297432652915,0.0919824208978316,0.22663641790063319,0.21687675717608565,0.04636032630418732,0.0311790428381537,0.04830341990976155,0.04690208631740225,0.048421338918351,0.04008833450869704
91,0.05277832644976242,0.052317862246821986,0.06293352324730557,0.05693399254497021,0.17906062135138234,0.1933348651516403,0.08222496617641648,0.05719257007711439,0.04536796039506773,0.08215951322191174,0.06335079180574386,0.07234500733186307
92,0.05289689965625285,0.03993217196363331,0.13060815583779095,0.08393676359944176,0.2162542219205428,0.2192136727570182,0.03516572543156094,0.0382797700664658,0.04705375405745873,0.04603065713849297,0.0458442747087711,0.0447839328625706
93,0.17974674496595558,0.07532049279881249,0.043584875042725554,0.052121537431068336,0.12203220532483622,0.1197562972055891,0.10708130170840781,0.10031242971707698,0.05457404678655346,0.05947447662621797,0.04276288614067594,0.043232706252080456
94,0.14455607827037184,0.08668486439913012,0.032078911521645194,0.032716171977579867,0.10975225411227804,0.09435222111392928,0.128278455309545,0.17758048222467396,0.04849253993647287,0.06500578446603271,0.036728016271771365,0.04377422039656954
95,0.04756819474117099,0.046197364944693606,0.051532970965520654,0.04163420775339971,0.22926115456340446,0.23657799430569348,0.037304980805004766,0.05975411389991509,0.05896527381557562,0.05188263055272828,0.06471573610577576,0.07460537754711762
96,0.1908284476379905,0.0986616481291626,0.024346327860303742,0.026453866632415904,0.0979931933093558,0.07917482419294125,0.08836207043784308,0.1719758912817365,0.044824981658961906,0.09356777994619447,0.040769435126112676,0.043041533786981646
97,0.2618017517130816,0.0864775028841574,0.02440500456673473,0.022198595017239423,0.07827141606485144,0.06713029366371343,0.08036365153390401,0.1894839155340233,0.03207521336156877,0.09023028285666718,0.027692789799582656,0.039869583004476086
98,0.05566041212872775,0.04122199976915677,0.06006017333804547,0.056593834024051826,0.21231855785725284,0.25805577005685687,0.06254633913046913,0.07449819703111883,0.0445449508009129,0.05172306047416779,0.0441089601947882,0.0386677451944513
99,0.02866826183688063,0.040549577218222256,0.06469233636286123,0.06403668352878748,0.24534260412535444,0.2913961061180594,0.04412984623739963,0.04481854810276257,0.04284689943372321,0.04500815200581897,0.04688797578847153,0.04162300924165871
100,0.03973081293654158,0.03075377814150655,0.06994938403709629,0.06316592057318199,0.227081736137129,0.2704537657204054,0.03648364596101651,0.043286410829914884,0.06473467618293592,0.04961413424666255,0.06361838132824522,0.041127353905364004
101,0.014581646013060104,0.019868027974072035,0.07766210850488692,0.08481550955732543,0.26534389461846,0.27623841067842303,0.02992467914759385,0.03184886548685562,0.06331210240117367,0.027741013744450857,0.0657698148316642,0.04289392704203408
102,0.05702416310501202,0.03745998621838068,0.06094644721284172,0.06409064018817119,0.21967569693679798,0.19902218612098174,0.035766950761689474,0.045092777098975405,0.07143300335729291,0.046220089235709014,0.09043373386538636,0.07283432589876157
103,0.045317202752644704,0.024468131730805847,0.06445568797785665,0.06362091787160828,0.277077514292596,0.2500241964661381,0.03502258562942268,0.03211006684042955,0.06117727091049889,0.03115585830911438,0.06243690213144746,0.05313366508743729
104,0.04598559249919154,0.026299884982403834,0.06375744014164135,0.07207407744308202,0.22062999946842393,0.16806771364540116,0.046410012193788104,0.058390871991283365,0.109176292015463,0.03495864725221555,0.09252178841167727,0.0617276799554289
105,0.03717026062332551,0.028132217845216967,0.06932539769617672,0.10255594175556453,0.22658191827200647,0.20207694196795237,0.039180040504595004,0.03247067825626242,0.08017065815829065,0.04570208608333275,0.07274284809839643,0.06389101073888029
106,0.029016825006120465,0.03423544807314201,0.0781790384350154,0.10790812487756626,0.23564931187912125,0.20700638487739884,0.04632118455777692,0.02795281875875101,0.08034243402965169,0.04547998154737361,0.06259654203881951,0.04531190591926284
107,0.02613774507753189,0.023298695727467414,0.09034696336181414,0.12097143041167353,0.2606737578845747,0.23539143158460663,0.029191770763179477,0.023473520991330446,0.05749302803557058,0.032050705456577656,0.06012626508290375,0.040844685622769675
108,0.03206217968969737,0.02554686043012002,0.10690455501059745,0.09979476210026302,0.24109055648822925,0.23293844890393883,0.026650393367315187,0.02716661927779887,0.0637849564092957,0.032997832251744096,0.058519297988050244,0.052543538082949974
109,0.01788880922197967,0.022394758553023027,0.12466803523693054,0.1106494507540453,0.2555231046546028,0.24644402402388785,0.020521268724571298,0.021240797928843695,0.05161259727131134,0.02710900617741118,0.05332991788182229,0.04861822957157108
110,0.018892650444538077,0.025786234046281286,0.14663540991332927,0.09564395211895083,0.24414654525726606,0.23730090883483734,0.03200860546391941,0.030082073772319726,0.04436521395267005,0.035066302645261074,0.04208613348183779,0.04798597006878903
111,0.035045724145235706,0.02580501046554583,0.10463345205401547,0.07382364559247284,0.23438456045764527,0.22251069875400217,0.04658809366970165,0.03697080158011244,0.05456234670190921,0.04303740067413372,0.06469573201172797,0.05794253389349773
112,0.15110373748723566,0.11196944345640727,0.052462257669075515,0.04801911263271931,0.1459572830661677,0.14101923363204077,0.07691928024847941,0.07666910793940765,0.04380820233615662,0.06291755035864559,0.03733355003528632,0.051821241138378375
113,0.066281501948529,0.06505980409517516,0.04444038782926808,0.0346490825675878,0.18594681278911643,0.16471638467827318,0.06351963941320067,0.05214198893442567,0.10733803291064803,0.05870091266552438,0.08089481423631403,0.07631063793193762
114,0.23673815832820652,0.06629772515526876,0.024147421932878846,0.026603145533761533,0.10225371016268452,0.08786493326903316,0.06404311144806109,0.15196390163032608,0.0647828758790081,0.062207714362718027,0.05651697210646095,0.05658033019159228
115,0.11508368339422555,0.09143102549303947,0.026858573837346147,0.039174782505428045,0.1306864704328488,0.11354520641205915,0.07067574800591252,0.1824307034269351,0.0615856251997787,0.06497132982806583,0.04582823546852852,0.057728615995832025
116,0.026777532160707957,0.045903798732868394,0.06534367560295277,0.06928295057314142,0.23602571002575573,0.27566378045068124,0.04718154994652282,0.05301822433752577,0.044809172529516245,0.05064790659952819,0.047427560712720404,0.037918138328079096
117,0.016342266958354133,0.024455415073902836,0.07396608761869647,0.07551537122063925,0.2838921953946595,0.32953161974628226,0.0343033640647909,0.03203869226342391,0.03425115115692108,0.032487255950757535,0.03618851871118361,0.027028061840388428
118,0.0283072350214351,0.02403425142261139,0.07703175633439356,0.08475246844058112,0.2735337183017328,0.30635822565312665,0.02629186438871116,0.025839862598949034,0.040649637285839736,0.03233841611835869,0.03969605472498101,0.04116650970927978
119,0.024033074608242073,0.02529024145827813,0.0879974842099239,0.07624949065778884,0.2566651990311371,0.2984607826457596,0.03646998270767585,0.028804075679827394,0.04154383958416398,0.03106599904177906,0.04690664827508482,0.04651318210033926
120,0.055569376796339345,0.04345971629188571,0.03852186253520927,0.045835991330643706,0.23071086811020275,0.1855474012931939,0.05600792062339774,0.08342633532253213,0.07510541322104518,0.036963576168352275,0.0801952373448478,0.06865630096235015
121,0.02329863354837441,0.023428867777454628,0.06832332128267134,0.07125272800654303,0.2632498278886204,0.224758970271691,0.037201088868777744,0.032848966362922,0.07993005179144935,0.03099853939719223,0.08094880247111522,0.06376020233318866
122,0.029190771932536354,0.02146393255366023,0.09112651859592638,0.10182427870476313,0.28854908578179955,0.2510182153571747,0.025323795018003123,0.0251182718673366,0.043114045141974894,0.030489574292424427,0.04921439181598899,0.043567118938411475
123,0.03300466175137566,0.033532141943190596,0.07325599464996206,0.11618214627711167,0.2572486299530645,0.2242808394261349,0.03665882479179985,0.038602035357103236,0.054417566571482466,0.03489384065450284,0.0502462241419449,0.04767709448232724
124,0.042786926640609076,0.03078517680723401,0.06704703104218109,0.10275396485429103,0.22861440915542713,0.18288425384124898,0.034042719406024394,0.04725100510599867,0.07399236462314893,0.04073938063791968,0.08389062830676956,0.06521213957914748
125,0.017492780427581966,0.019932631190845016,0.1235512589112198,0.11517920809205788,0.2611836112213205,0.26408741444037326,0.024977777230737814,0.023604067803515757,0.042422494628419405,0.027851206288384875,0.04634750287661122,0.03337004688893259
126,0.04267567972799058,0.048749505724473716,0.09474230254067824,0.08175957440422438,0.2144262242573004,0.20978053628246587,0.046138718554673906,0.045925953298426574,0.060071270501179844,0.04225258567365946,0.05353510461669518,0.05994254441823188
127,0.04275224554397859,0.02769790328617611,0.08524368381209087,0.06469948828084936,0.23450356387923182,0.23660138928413044,0.02962317133699127,0.03341456742993647,0.07272983178087215,0.045362249172766066,0.06491406888501738,0.062457837307959306
128,0.04858096261855488,0.031766500589858124,0.10599896609332517,0.08391002332779188,0.20815783874712945,0.2084942973127245,0.03535551164231312,0.035962454060663764,0.06241603806821726,0.043433627183298094,0.07192048229535412,0.06400329806076968
129,0.03121532960337232,0.024879955949200106,0.10265000195449478,0.0910133252583522,0.23557709163377683,0.20612583672624674,0.04743186722919931,0.02912772182629041,0.053628605473366356,0.0371613179649221,0.06987874226469372,0.07131020411608507
130,0.037921855300445374,0.12293913100638375,0.06909524543300927,0.058309570587359215,0.16746824535616706,0.17155984390729478,0.06837851188128809,0.061356198906303186,0.056884862342182416,0.07235255077212516,0.0534826070510346,0.06025137745640721
131,0.09132900398755725,0.050010657101511154,0.04091886475671404,0.036383431389398375,0.1542899564764508,0.17967353471801048,0.04982936738460137,0.0663467532479095,0.08851729889164643,0.06874301079020591,0.09430101748024015,0.07965710377575451
132,0.07455980794446886,0.02858058397534713,0.04488565488264635,0.0445992979428587,0.18668158992612824,0.14879146761732032,0.04741497753054326,0.06482783612155901,0.10926087707528963,0.0317623030946344,0.11882252601442037,0.09981307787478379
133,0.07180327954449216,0.04524036702202128,0.045194562689393765,0.040949500861937306,0.1620621833875894,0.16012149242187976,0.05001830283658244,0.09172551384736413,0.08494373462664592,0.04490695605883061,0.11195855804752276,0.09107554865574057
134,0.0727157086605222,0.07844318555346674,0.033012652962936664,0.03570195535436142,0.1336782572794273,0.13402227057523225,0.06061103434780823,0.20266416319029978,0.06916933391777218,0.06943119669583508,0.0567082389395468,0.053842002522791275
135,0.0852213590090813,0.042231354216913784,0.055189281396013964,0.060684121881911565,0.210164180285205,0.2353737120645037,0.04927577984821469,0.0756433900800783,0.04173787777746052,0.057386591891340884,0.04502109528397183,0.04207125626530449
136,0.026132098997942374,0.025385665625129165,0.07293718847271283,0.07065081226042584,0.2545572732674888,0.30258511898812557,0.024190336839467565,0.02859338160543898,0.05925291783206208,0.035519396207167646,0.05385090436368086,0.046344905540358354
137,0.02212676539578845,0.023939712722299344,0.07757936797723679,0.07775406710068146,0.24868264169457627,0.3007342237958158,0.029478917978914644,0.028423939768296574,0.04574610239958326,0.04082894133439162,0.05723574702870659,0.047469572803709045
138,0.0442543066529988,0.04027055605668021,0.07358655081441567,0.07579592763153602,0.23332222710514694,0.2696930738018605,0.03929724685454128,0.04416114239014208,0.044790975259299155,0.04855747593976376,0.0428310533026366,0.04343946419097883
139,0.026863142115511867,0.028706142878769946,0.07735426905708588,0.05932891312165481,0.26607329893898507,0.24290839948422244,0.03342845374342154,0.0326873900400852,0.07710138352517255,0.037779546247352025,0.0686778979390586,0.049091162908680104
140,0.015267195618069785,0.017544639698855582,0.06730793509541869,0.06768044795129519,0.27913750756691424,0.22754253074815065,0.025665828090414133,0.029219984020814174,0.09542120242500372,0.03125263738252752,0.08414153480257622,0.05981855659996018
141,0.02656151203041389,0.020874728528099042,0.07580627387548686,0.09609272377637845,0.28293748904733296,0.23078271567407324,0.022270317681992103,0.029551731755406697,0.059667971050478344,0.03636462798671866,0.06755718934377562,0.05153271924984402
142,0.05169394175646563,0.036385918745714126,0.07925103038523265,0.11179608252196989,0.23473958356747107,0.20452402967444702,0.033338419192077126,0.035686277392375336,0.06565768571323734,0.04564701647700399,0.05571817150801338,0.04556184306599245
143,0.02285205249812235,0.020578128002053414,0.10487388657529917,0.13980745874139502,0.261645014911643,0.2264563932125048,0.02738480751135882,0.02532477354595848,0.04986185735684209,0.02950347156793021,0.04986675731947133,0.04184539875742133
144,0.039405129680088025,0.023323709525519196,0.10454472856358654,0.10818933879262603,0.23851658693868227,0.2131064491985928,0.025183861386604816,0.02922298587374687,0.06850846639141543,0.033153164910069,0.06592939174599928,0.050916186993069726
145,0.03473431223519807,0.021895152741869553,0.1127829427824972,0.10594248108207807,0.24525212505022873,0.23495426452919663,0.029209920253501748,0.03290145578714115,0.04167851220252868,0.042464479254222164,0.05156394064951513,0.04662041343202286
146,0.04626552322028208,0.041067093168230956,0.11062394920924891,0.09048857369808523,0.21363997802009266,0.21993731425182275,0.036352408704567955,0.037178918099993026,0.05210206278372571,0.04601785806444682,0.055287797325231446,0.05103852345427239
147,0.05589854375065685,0.030354844627140845,0.12236139305031475,0.09211788806305421,0.21529882814988333,0.23436056378665782,0.0320414908609941,0.03687172116486592,0.0466678834655144,0.040807776735719024,0.048936916701073044,0.044282149644125926
148,0.030792623114139467,0.060019419230689916,0.11785399743603461,0.07816603543001743,0.21271798694988406,0.21185801335169477,0.043246724792266274,0.04155185400867134,0.0494448277587878,0.04787444349573462,0.0570284762835813,0.04944559814849859
149,0.14371649865359684,0.09912964373167614,0.045321129949273245,0.041807580245764336,0.12762297028621164,0.16738696092117578,0.08928481639429951,0.07939057050657093,0.03909088082679954,0.07875047285686655,0.04225487214981001,0.046243603477955295
150,0.25983042280650703,0.12142738538495067,0.024234631934298066,0.027538099719090593,0.0859500716044024,0.08418170006722805,0.09703978006869775,0.1259258460092754,0.026583318094998736,0.08308082176405018,0.024163760142908153,0.040044162403593
151,0.16709753481002232,0.10209598154706223,0.0270125626056645,0.028421247860572815,0.10758663929927914,0.10103208433910366,0.09608237544932456,0.1477693051439928,0.04882723601139182,0.07172215704589004,0.05191164557449898,0.05044123031319726
152,0.1533330539281757,0.11734183118926264,0.023506338016594526,0.022933712108703288,0.08932550474230518,0.08728010541118013,0.11133987385971504,0.159315466927055,0.041992607717664825,0.1160941850498134,0.038696167985964654,0.03884115306356555
153,0.08125256148145336,0.0707375905501794,0.03171385610247992,0.031815885990712105,0.1177124030593806,0.11621202449524434,0.08955334032353271,0.20568337267014092,0.06995759482751246,0.07454967021226162,0.05780709712594054,0.05300460316116219
154,0.0429357020580079,0.0361820950071922,0.06342632453913717,0.05935497792586027,0.2377828411261732,0.29779471021096515,0.045716755055897576,0.055383781389602246,0.04143452116254168,0.04072950352325594,0.043772317761104546,0.03548647024026228
155,0.015345977068097651,0.018657567215029022,0.07609664917938717,0.08227364064179873,0.24477546626145927,0.2913414903758917,0.021661031609654248,0.01830305110570829,0.0689924032228349,0.03088799638232494,0.07795928445166807,0.05370544248614625
156,0.015582581400094313,0.018925276320554945,0.07372682918885086,0.07413796458965374,0.2745126285527034,0.3173289657499829,0.03007900141849999,0.02269264843860819,0.04145542627924964,0.03377648800115657,0.05553458470933024,0.04224760535131522
157,0.03875931110358906,0.022072496230916932,0.05653545341214962,0.06474114005790865,0.2437684929134841,0.21326328216267385,0.029584310405270986,0.040956288426788647,0.09638078853388563,0.03704749859795296,0.09648412476530537,0.06040681339007432
158,0.09508759375682409,0.03412666761514857,0.04544956900016816,0.05802419672383333,0.2548430997396089,0.21291210824439794,0.041404352325332655,0.04695063961924283,0.060204214187720144,0.04021093924643664,0.053872535148422496,0.05691408439286438
159,0.035397807029503514,0.023912750180625504,0.06775670970634451,0.0745300310182583,0.26016896674148965,0.21772829508821173,0.03100997320747043,0.02654083059999957,0.07764030799086898,0.030056421146511875,0.09177276308319883,0.06348514420751711
160,0.02756175326437219,0.032040751286365125,0.06875207777796315,0.08754944304319175,0.2617366338070329,0.21935111771024393,0.03263332193007571,0.028718804056047847,0.07780986766483886,0.030238524596735775,0.07770492782220711,0.05590277704092573
161,0.04288643984311915,0.034499787454596975,0.079902928329189,0.1164767287215898,0.2438809536721399,0.21445024220739137,0.03637570269333414,0.033178521863671415,0.05192651928012045,0.05020610599003997,0.05403085869896301,0.042185211245844664
162,0.03686227112214728,0.03223470644144107,0.09237957734436941,0.11347599880838212,0.2375641461165453,0.19796131036376138,0.03745455365520151,0.03570101981248597,0.06021419715296898,0.05436537889111511,0.05838959442736269,0.04339724586421924
