,Astro,Endo,ExcitatoryL2and3,ExcitatoryL4,ExcitatoryL5,ExcitatoryL6,Micro,Olig,Pvalb,Smc,Sst,Vip
0,0.024396892748690654,0.005204191198707094,0.06506523786962563,0.11962218503151811,0.16921147216038837,0.20480563916791925,4.269613108371037e-07,7.556096198080636e-05,0.1350568535007402,0.0009337674147621516,0.18857079424547152,0.08705697873888543
1,0.01795709189772867,0.008107299902962233,0.046192279118651994,0.08993289732505408,0.19216451128245715,0.13045602722998006,0.003079913410779187,0.0014808334299232489,0.15460821825543591,0.00456867536166501,0.2054030065270071,0.14604924625835533
2,0.014707367029301723,0.01308831737812097,0.025073563668969973,0.046587936074414776,0.16860632268011813,0.23765203997482814,0.0022491098087955145,0.008290528719319307,0.24414889525779793,0.010492249992730178,0.14427224933561386,0.08483142007998944
3,0.01867129326444362,0.0049011472494512685,0.08373143562308194,0.08317336462590477,0.15214771667022295,0.2803756125915084,0.003972671956989626,0.004971326043549505,0.17127082646995653,0.0022925158355655137,0.12142985645695312,0.07306223321237286
4,0.008745036194250324,0.016931292519204288,0.07212438562656007,0.09688704041235008,0.13557844095283839,0.3368450442427758,7.95232263881798e-08,0.001702328254704629,0.0591042633697369,0.001750030655086118,0.15999712378018985,0.11033493446907723
5,0.01149567935347877,0.005896071877430122,0.02471582638055449,0.07573678813529416,0.12443397077942286,0.4464424477307261,0.002088524214361793,0.00018674973447383955,0.08588114904986853,0.003713575319828388,0.11174787296746742,0.10766134445709342
6,0.012514651722329273,0.007207234436724905,0.05134309204339152,0.06865701758711812,0.10249883355652849,0.4316714384734334,0.0007497268408274265,0.0009165893395064118,0.08450672148159859,0.002979790482424468,0.14386193587214552,0.0930929681639717
7,0.012185693466799923,0.011063638409873343,0.022474840387798897,0.10463850264384045,0.18280342272777042,0.3105694378431316,0.00038537814503198487,0.0013513620926902897,0.08211012926864084,0.00146149250677852,0.12775801281403185,0.14319808969361184
8,0.011012666805165869,0.002666606036316345,0.09066381834561356,0.054663070511330965,0.24046583954033007,0.2018524619186945,2.617752344169807e-07,0.002626545144093115,0.19250026845163032,0.0024682397472064956,0.09310726696739825,0.10797295475698603
9,0.019866603275168523,0.00417480113252871,0.02705071159561081,0.09793471961196983,0.2642067169443493,0.24028454862627838,0.0021552373659675522,0.0013433217068431716,0.11448990495402936,0.0003399617184127248,0.11701888433846648,0.11113458873037517
10,0.01048138501892333,0.004363413640408236,0.03873275066937603,0.16234554522296976,0.23085489274668292,0.16722281751154972,0.0018679429867248516,0.00031126352118715457,0.1469804199207199,0.0022439629072252597,0.0772808167882358,0.15731478906599697
11,0.010304618364354059,0.01733637798068352,0.044193868343874274,0.19620427077588584,0.13837134291447453,0.2300339189648195,0.002992148123012031,6.914519258481365e-08,0.07936394141931226,0.003214166469959966,0.17631237130362082,0.10167290619481052
12,0.013978963590784092,0.0033310428323194224,0.03539318599386371,0.32269861122026994,0.11203809511544154,0.17556046105322223,0.0004234189724544007,0.0003513327576006673,0.12308612286053765,0.0024445129470641613,0.08733618629236288,0.12335806636407923
13,0.013867017956479957,0.0075154493659538675,0.11485318363405692,0.1714534898606359,0.10480657373605569,0.2472091369141799,0.0019050235059298978,4.204070345052917e-05,0.11594687217294616,0.0013841894640984364,0.1035111264055529,0.11750589628065988
14,0.009549477868044252,0.018124169953219794,0.1411572364636743,0.13026773491628624,0.07395214210961336,0.24510038133777595,0.004375728012874521,0.00014032415079602806,0.07692190774917186,0.003984295842543557,0.22279277906080105,0.07363382253519925
15,0.014330036015035278,0.018626445410395397,0.21422540196429157,0.09578207277029892,0.08616725438182771,0.2457315063940226,0.002391495042453606,0.0005461723274250382,0.08812569469510119,0.003236018252208555,0.13064552752342629,0.1001923752235139
16,0.019002890930466042,0.013616910622140283,0.11123221221944452,0.11224010899422128,0.08872705063143056,0.3584482067601117,0.0011495625967337332,3.3424348840243594e-05,0.10669642478894696,0.004971893475271259,0.103581625128115,0.0802996895042785
17,0.011411883730105555,0.00881254832044356,0.07981110090751735,0.08681114297515825,0.11936885023782857,0.3072138762411595,0.003890364984356606,3.941857749483571e-08,0.08000996162909622,0.0034696808615341276,0.12047736523200717,0.17872318546221572
18,0.025307961175986972,0.019168182846452712,0.026732754353130578,0.1142765417838668,0.09225560847889805,0.20170740333132992,0.03093614251314924,2.4705622624747368e-06,0.13771462469262746,0.002038957636390073,0.23796773386906972,0.11189161875683604
19,0.025411768385399245,0.004433292114515604,0.029423213377527603,0.07272142601412099,0.0007347857864106706,0.2317261925337188,7.419255317559748e-07,2.402071248667948e-07,0.05698118403302435,0.0035230319929690705,0.1230920874294694,0.4519520362001877
20,0.02597329636311379,0.008426262411852991,0.028827904167602298,0.11598237585327918,0.18479180896180117,0.15137817515186847,0.008273169607415585,0.0006417142074711242,0.09134180824276761,0.003851897141063726,0.24364199958875393,0.1368695883030102
21,0.017280720344964154,0.009997759866256933,0.07156081859205021,0.09942379301452879,0.21934587436076206,0.13070606331520787,0.003057579086215068,0.008026963582786257,0.13818829143970487,0.004286043927192416,0.21188112657571948,0.086244965894612
22,0.011613176820506737,0.018307333552501262,0.013294043176417433,0.10010551200942311,0.2191378148749241,0.14611855408843294,3.847087684455875e-07,0.008653696212804566,0.10397904990457968,0.0026183881815572464,0.244344327456056,0.13182771901402854
23,0.01882713836658458,0.008503416073707285,0.055573990671163455,0.068143033881981,0.061529566024068116,0.45462441569874007,0.0017295446815797086,0.0013507762148125568,0.10544749294344684,0.003358280156025722,0.11027697846754082,0.11063536682034965
24,0.008604356731599669,0.007178182945583467,0.028088097765587263,0.10546023864420971,0.13038936855615535,0.33923213493116156,0.0040901955794061485,0.0007759022419809909,0.060748684491950436,0.0028328377085638,0.1458400029784191,0.1667599974253823
25,0.006640738261426274,0.005999812549373856,0.05477859761284393,0.09063449240409603,0.14431022368744212,0.41299710158349767,7.247598139654447e-08,0.0007618652195814814,0.08267483008496623,0.005031875659685136,0.09344454631322165,0.10272584414788422
26,0.01149561105389579,0.0054037236920938935,0.060609498577552455,0.07907141905965066,0.20118487730999715,0.2923545469072418,7.192123024931994e-08,0.0020018551682527553,0.11628358936873377,0.004295222506699547,0.12281945728442921,0.10448012715022273
27,0.026366543037628073,0.024500173408108537,0.016613402890302643,0.09347014622639492,0.2922129375210675,0.26586944952407504,1.581994653606914e-07,0.0002808044736824349,0.04385275007291042,0.000769772491159434,0.10623300802828821,0.1298308541269174
28,0.010377157093374431,0.01827787118876236,0.0630221630003861,0.06526431873881842,0.24930559032700303,0.18083139344119006,0.0047844067197884066,0.003362172360590917,0.09404054221324605,0.0019164132832418476,0.21979155872574216,0.08902641290785615
29,0.01907685557849304,0.029108167033005526,0.028878834770078438,0.10467176092541577,0.21543166276919795,0.21270210992126437,0.0012966239647297301,2.7041721126565028e-08,0.08426279024660749,0.004761735608867356,0.14823853530130385,0.15157089683931524
30,0.009967351141999823,0.022206485742416977,0.07336447495646668,0.1533357502622775,0.1583059654438289,0.16978806807913144,0.0030744762839419546,0.00028934801787877423,0.11561665515866096,0.0010598648724149421,0.17155798574919054,0.12143357429179154
31,0.011999955354775604,0.02860324489122395,0.058861314399992086,0.1754996722729396,0.09869572235105108,0.24253427536370853,0.005580470533578594,0.00042350796841968087,0.1467538786570697,0.004069202031337908,0.11734854922029404,0.10963020695560916
32,0.010975348724182456,0.022689984699201207,0.07415118179418664,0.1955524647856557,0.08248055599847182,0.21259204100909518,0.00073301665052877,9.693402651619394e-07,0.1473000469083349,0.0017744553443002243,0.16252021210511067,0.0892297226406674
33,0.031094475316140156,0.022437623367967754,0.1580478532123732,0.11957897811451074,0.11388103606134599,0.22792669655965114,0.002391950000209941,3.167677210684441e-08,0.0715548012549275,0.004276199442927331,0.10474416317577732,0.1440661918173969
34,0.01275588338490303,0.018085692127645988,0.16944087577393796,0.10169250667309228,0.11935550819227564,0.20456248233471847,0.002782308818897665,1.8671546117034978e-05,0.10246551716182377,0.002213605966093791,0.10611525577958379,0.16051169224091047
35,0.009336204057279642,0.028545987012078434,0.13036969995359515,0.04415720364735316,0.11828309626400854,0.2621285284754143,0.006278817574511495,0.0008889391415585915,0.16775341783467157,0.003271502742784791,0.10004703984741767,0.1289395634493265
36,0.010483217840817722,0.024278955775209155,0.11621544445855024,0.12535153340512833,0.11964389770379552,0.23525695165094396,0.01237543702304549,0.0001128242571217622,0.10929739519653857,0.0026349255575675344,0.08945789762433236,0.15489151950694927
37,0.02511975850702141,0.040124628260334375,0.031275965857877265,0.08452655365978295,0.14691180994327174,0.23340674982661322,0.010513964319062248,0.0003480686926739287,0.12162864848248423,0.0031802688201145223,0.13860690385576988,0.16435667977499419
38,0.004219615228294761,0.013987109750528033,0.11091136068899575,0.04814436679935083,0.172714522323294,0.2321031253414411,0.0006645601896911789,0.0013880332204772813,0.1046291237077981,0.0071430177903257655,0.16936910051523948,0.1347260644445637
39,0.02614646302458176,0.025087257399821705,0.0730124349977486,0.08371074172632507,0.10933925095026377,0.23874286568549682,8.588518590818217e-07,0.011528691828348175,0.14163899123037862,0.002135824864872557,0.11952332268304042,0.1691332967572634
40,0.01591001245259563,0.017379980685566312,0.04620866193612024,0.1253055316228747,0.065793852111801,0.22842356667358932,0.0030056458848151824,0.010298580362492546,0.1760480369138234,0.0016276025248498712,0.1404899276933054,0.16950860113816651
41,0.025971373810783422,0.007962795653886273,0.02355734691111741,0.06365977826317128,0.17123766198909596,0.24750165100014485,0.008835393708583352,0.004143282968285129,0.1660349116085223,0.0015550296245417823,0.18088454646050725,0.09865622800136105
42,0.012244247878358337,0.007923996776043938,0.01013434701330511,0.09551511903195035,0.14733846591253785,0.45039952057300925,0.0011697539892203603,0.0019449230230431677,0.04728939242259204,0.002919595944423353,0.1265524421373805,0.0965681952981358
43,0.009656848654218772,0.010270253173458931,0.02464587855397288,0.03374682034977963,0.18555889098349038,0.4457861570616128,0.001190115517234407,7.706224359595847e-05,0.09386468903651139,0.0029996400445813313,0.10962937783967848,0.08257426654186498
44,0.02236617549152656,0.007829853601698406,0.045633565996588195,0.08365236631427919,0.11570180330625592,0.3241067634180667,0.008014618759173727,0.00026415899258072726,0.1581034789489712,0.002047993681180509,0.11814021264082,0.11413900884885902
45,0.023411538781621163,0.0117299600061573,0.05009514522525084,0.06304840752552676,0.21848408493675886,0.23342108693699895,1.2984858640337315e-07,0.0004091039376884786,0.10862449582533319,0.0008872525393071788,0.15327212756642844,0.1366166668703425
46,0.028535790901645864,0.008198016162340458,0.023399704629363277,0.09626401671756667,0.23031837905173203,0.21892787122888058,0.002751455758558849,0.0009139716199432649,0.12570784857379605,0.0013352901593769364,0.14053479175659953,0.1231128634401964
47,0.013493166291685284,0.0036371064326938284,0.05634680573057424,0.07651991378449659,0.27061480436131324,0.16983107716074,2.628102408862866e-07,4.6295766240702157e-07,0.0972044084795071,0.0014829164458853013,0.113177277190599,0.19769179835460224
48,0.01033838165303018,0.01155603065688337,0.06505584078162008,0.12494722846872984,0.2671615310957927,0.17887795191529898,0.00015367332927936967,0.0003508388241372416,0.10205801555277468,0.0035600356114465262,0.1256031769629658,0.11033729514804098
49,0.01629281907326359,0.009864993071775411,0.006471798499612358,0.30731847492120024,0.09961565675328994,0.21505329416748128,0.0043152536042665125,3.3222760828334296e-05,0.14092642812471082,0.004214345749973566,0.1033915371594852,0.09250217611411285
50,0.009489362427434082,0.011068303037612666,0.03545681593636797,0.20459415553545623,0.12556051462886708,0.2704415102104233,0.0034095556575448756,4.2174813066959746e-07,0.09957912209116297,0.0011971515367659702,0.11431274297238998,0.12489034421784416
51,0.016416186404166415,0.011015466499571911,0.16395233774499815,0.10776144812751401,0.07554821673874373,0.2716513680407549,0.004009205478187668,8.787724651527023e-07,0.13812028307637467,0.002244139955547834,0.09081876064834944,0.11846170851332605
52,0.007632269242002891,0.006104436553757696,0.1178966826274386,0.066572150471892,0.08722929405618274,0.29979230893455316,0.0035352949087318923,3.468313348654108e-08,0.171414296164937,0.004433897633267689,0.13778773178056974,0.09760160294353318
53,0.014124917038893292,0.0030015905152102206,0.1501879303405117,0.14815507458831598,0.047919481371395574,0.27975103798420536,0.0022259289661879598,0.0017087163059100303,0.08199041975695016,0.003784829798345906,0.10530486714790462,0.1618452061861693
54,0.011417872257569172,0.006069679556653807,0.17433707565683046,0.09062447617381712,0.041334949998097156,0.2432103882135594,0.0023872534775186884,0.00012443236352049916,0.07177706860830603,0.0038734083460187,0.17799962678492798,0.17684376856318096
55,0.04959383375932042,0.010537130997430127,0.05865512218584986,0.07439146865644167,0.10858705499279973,0.18742639709203887,0.02010074697573607,0.0013814844885383737,0.08973053115226354,0.008200486298510957,0.20623252561697622,0.18516321778409428
56,0.06936341453727331,0.05142000179273553,0.053423836185377896,0.12116633133503808,0.04964672417918553,0.2474100673353094,1.4434017094859714e-06,6.821804939496511e-07,0.1475470987106223,6.298983480630864e-07,0.13216800773437007,0.12785176270953633
57,0.007806956558356742,0.006577278541400336,0.14186777546918045,0.04086948693030603,0.13700405380632477,0.3293158160875977,0.005772822606609921,0.0005981294643943788,0.10401289813876458,0.003162813584157242,0.11066238911518228,0.11234957969772547
58,0.02331155260846629,0.021822196514618933,0.04664396741619088,0.0780445365352652,0.20640973874217453,0.1958438555752932,0.0030808160534752807,0.003527524718629049,0.09392763789946192,0.004540988430745261,0.2005751062386082,0.12227207926707123
59,0.010718766709404899,0.021010935155055834,0.06275838898938829,0.16320437346915986,0.17823656380023933,0.16119236967696715,0.004046201664901634,0.0049829187462588406,0.1378629448122348,0.009233872183024445,0.11042411784554487,0.13632854694781998
60,0.006890018572168013,0.009247970743258024,0.04424256588066783,0.0770263630291995,0.10010404519918248,0.29918706015925994,0.00029363088750567357,0.00582816274118149,0.1437012235201091,0.003356766916808655,0.14131971761545245,0.16880247473520676
61,0.016640726150416178,0.010810546409742078,0.044714534778479226,0.04519699635683275,0.1142754822317988,0.40462353608672114,0.0019959729121529187,0.0016866943972787716,0.12307029514556769,0.0015026815569088084,0.12840234971941977,0.1070801842546821
62,0.014574192569683052,0.009206261713264064,0.08221279422305514,0.08805354315045938,0.12914804157477766,0.35247743382740215,1.571599714844327e-07,0.0008847588148673833,0.06143090858582431,0.0012004148035439862,0.16232508124153822,0.09848641233561321
63,0.014106531395871995,0.008304770448399891,0.036308388472182124,0.0723795606073555,0.07770271955498137,0.4597461267261162,0.0014259616850215238,0.0010293138078670105,0.09695610022212817,0.0026720636512592814,0.12154243044029628,0.10782603298852068
64,0.009464751300371462,0.0005544649812034264,0.022712698711043873,0.10412272081360861,0.2987306367987482,0.23660322450816648,0.002839370136854569,1.2526273301098338e-06,0.055461756147563754,0.002127853627327603,0.20332588903769475,0.06405538131008713
65,0.011772377211583456,0.006686427555593686,0.04451923920384143,0.07727929061579945,0.279295717697861,0.23337938851287612,0.0014583049906478145,0.003056266963629551,0.10526565076928272,0.0030464236506965174,0.10401681612404028,0.130224096704148
66,0.023580529456323038,0.00706725887825634,0.1307091648578066,0.0871996361277763,0.22434765767525594,0.19300415234721857,0.0052695720068650035,4.378137985082129e-08,0.12030148863276427,0.0008386877186693795,0.11801179407572121,0.08967001444196344
67,0.007972157188112622,0.02657735848258843,0.04858804092156632,0.18420005694740044,0.1433370419049486,0.2226178080627439,0.009141514617021994,0.0009640875375388763,0.09625279491195549,0.0007672992795378551,0.10505329364387084,0.15452854650271472
68,0.018520017976261075,0.010423995818763302,0.05905598327793445,0.2316087543968357,0.12604834411069243,0.2425496552118848,0.005585683630937135,4.8781890006907856e-08,0.1093077536247326,0.0005265125952526119,0.09666411374028179,0.09970913683453417
69,0.011012309560539146,0.009341115960833183,0.02096244075445065,0.3327597828578197,0.11078261300012934,0.2240064200622474,0.0014652751240892626,0.001287701806862209,0.07910160990718962,0.001061234082947597,0.10769488860630505,0.10052460827658699
70,0.018355663483188553,0.01974450382321759,0.04867308174451007,0.19199062632279826,0.14162758453860758,0.25075213495452303,0.00023657421601595727,0.0008969637861032018,0.12084924123699162,0.0035446963643640654,0.10379207122089397,0.09953685830878603
71,0.013778006228062295,0.00689377919859388,0.18063325755599174,0.09423773380839234,0.08398392920898727,0.24937413812229284,0.0010081825307514532,0.0011298336564149357,0.056274707980626795,0.004287367784136026,0.09817152433197997,0.21022753959377036
72,0.019775299053907715,0.008590260375049345,0.09045334327692842,0.10093008824721736,0.08495994406729411,0.22362120323124576,0.0010209386869925645,0.0008165491890253287,0.14241993213560736,0.0019323584846146426,0.16969748098952475,0.15578260226259252
73,0.011762770738933866,0.016672076579102062,0.2511845556809406,0.05732359167955087,0.061899042352068244,0.3027612582819265,0.004711651175810298,0.0005789180485846324,0.07838376285129704,0.0032977237899283252,0.12376654743729831,0.08765810138455929
74,0.019374979477480684,0.004912431001425092,0.033311978212100815,0.07905468270480756,0.07473610037276239,0.33831300803372294,0.013356906269243962,0.0007717602345704009,0.1378472523406128,0.0029268799522518705,0.11304944358546389,0.18234457781555743
75,0.0734144562583507,0.012680458069194605,0.032613110274218426,0.08393175919615375,0.07864757583766291,0.2674959745846577,9.809656538140313e-07,0.0032600761283725897,0.16884358557859677,0.0023950973666364305,0.10436756890831982,0.1723493568321825
76,0.0134489400614917,0.01666371792841918,0.020003145077321947,0.14376732064357875,0.14412380839210795,0.21560101982966137,1.7755736142951886e-05,0.00045024284684646855,0.040081315946081275,0.007534150907510937,0.3039247139770015,0.09438386865383588
77,0.03136723057287636,0.006572533384679773,0.0739931853279814,0.07112945183543978,0.20354276516673858,0.18528622402121994,0.003101822268725008,0.001771867478504232,0.06119528241554936,0.004389501243382255,0.15821431194846264,0.19943582433644075
78,0.014042775119736142,0.012323157593726231,0.040125525740061424,0.10564943643012548,0.16405577455888617,0.16665490610569852,2.908803974208394e-07,0.007285331765586729,0.15763026353257795,0.002954764772161088,0.22321139123918288,0.10606638226186
79,0.02011755758076592,0.019921114247052292,0.030758129526683147,0.025339610425879358,0.19114058654098565,0.25112370519494265,8.72295465335731e-05,0.008102264996203777,0.11357811560199242,0.006504835428346121,0.16429160381234123,0.16903524709827397
80,0.011073127783766899,0.008857392452890992,0.04753609866182288,0.05399098359924347,0.13034689929860882,0.3718685126244861,0.005405240160154074,0.0001639980499993827,0.13617586168274956,0.006358605952851421,0.11009672247971089,0.11812655725371536
81,0.009529828727376158,0.01352428240516695,0.09271104287565883,0.04206626738698323,0.07960017390881989,0.3670346630692629,0.002450824301995327,0.00030897356760795287,0.09371092952653479,0.002468598952381478,0.1593438272691444,0.13725058800906811
82,0.025176738763415,0.014660478296257443,0.054488922136064336,0.061579278615004465,0.1170386536611572,0.25675478879771796,8.202554527192586e-08,0.0009826201432295806,0.2450984559994763,0.002239009955288753,0.09546048949903255,0.12652048210781108
83,0.019974339344858365,0.009804839641064458,0.035396579503029046,0.04893839194266174,0.13667008502253164,0.2738214184250683,0.0020111754193486917,0.0009254643046961852,0.20355177579115363,0.0021183414976696474,0.16665848568695404,0.10012910342096441
84,0.025062255876295476,0.010264906943500943,0.0445931435702694,0.061065986576371495,0.20774859861732392,0.23060854029137273,0.007096289017563032,6.884414358298291e-08,0.10687007755781114,0.0019875449114425286,0.16408155628375862,0.14062103151014735
85,0.026931139149991276,0.017738492849972975,0.07337058451877139,0.08667840269118655,0.21745806619054317,0.22928463056599932,0.0003866993410033709,0.001631798662626718,0.13585295804057124,0.004346554299832134,0.1285568942504794,0.07776377943902239
86,0.014740363329453963,0.03365170207476169,0.01727926588069438,0.18338081405437845,0.08513141908114456,0.2667927732008596,0.000891224688434323,0.0014654224129888149,0.11173961687247773,0.0018968661006469752,0.1801193433389766,0.10291118896518277
87,0.019288777555840735,0.004505636378861585,0.047565998261000546,0.3170531070391618,0.13173154862690548,0.1719207625839164,0.0012965885277085676,0.0003604357318428941,0.05807568057508472,0.0023550213728710484,0.1325954020589608,0.11325104128784536
88,0.010848613547277331,0.015174287345163559,0.012562363742831569,0.3192509982541756,0.08615530542431235,0.21928096496500152,0.00456027716947893,3.255765149441849e-07,0.09534698266265204,0.0024841603577477524,0.14355469515059907,0.09078102580424541
89,0.009063907648584104,0.008933829296130461,0.1187565721268337,0.17461075078293012,0.12122870354822125,0.1943226722909942,0.001172156340967589,0.0019926529863271442,0.12520755312386073,0.0011181367996501732,0.12645779854490377,0.11713526651059687
90,0.013529038194742223,0.018823330778699673,0.16696740651441497,0.10461200249498666,0.06598797821532547,0.2962431648673319,0.004526812580683956,0.0002998809294231675,0.08890456552983456,0.0026040352912615815,0.13537104247556903,0.10213074212772673
91,0.00781964650206293,0.02005102700509718,0.0412309417263829,0.09220215750609533,0.13560451224992584,0.28271166772447825,0.007442960795527337,0.0006525554471147467,0.06453345367199512,0.0041159385837793066,0.17364635245213567,0.16998878633540523
92,0.018160342851611905,0.013841218581470527,0.19709894008439283,0.11371513550498592,0.10949316205005288,0.2345260539645481,0.0035864623098542663,9.652605744370162e-08,0.10785131126730318,0.0025488908011376933,0.09073450228742505,0.10844388377116015
93,0.03034820980041025,0.0072210862276545435,0.04732740906227658,0.16966896612906934,0.112052612523879,0.2352286303436889,0.026248839711228256,7.176999902179622e-07,0.1291850998877206,4.639144045512188e-07,0.1308570237211773,0.11186094097850041
94,0.026467957476020387,0.005621263155619517,0.0962810601972122,0.05150926719837574,0.25673343037330737,0.16908061221607615,0.008269818416631202,0.00451059476713887,0.16663453070953313,0.007166039781185486,0.057532787779159524,0.1501926379297405
95,0.012588682152580835,0.018648239615404003,0.04192620894147734,0.01806544585544274,0.20422237824781694,0.2983145084384249,0.0005579207285829284,0.0019100355008425571,0.11412717531816297,0.0015578814369483097,0.12039118488164093,0.16769033888267534
96,0.020874628284459795,0.013783292463979656,0.029655855548959657,0.0961580755928134,0.20082935329661414,0.22427244126125287,0.01274283724823308,0.006072643235995349,0.14552290473343996,0.00307248583164269,0.12840369832286297,0.11861178417974645
97,0.030273286128694864,0.005126998345272942,0.06102305894314652,0.13825320377814407,0.15254518570734066,0.2287105631828413,0.00682339717834748,0.01047048019028508,0.09800270314335807,0.0026065945342422436,0.14442122176001398,0.12174330710831276
98,0.02123442732869852,0.01198556763672369,0.048295299950088494,0.10322084282759182,0.19109025480344652,0.28302189698,0.006889565676981892,0.006988619008610295,0.08814206765233061,0.0019097818056965751,0.11380341872650823,0.12341825760332342
99,0.008155393542007788,0.017061347512635577,0.050824665486578664,0.09910062043658094,0.17185756472785255,0.34134597510386805,0.0007796164876477629,0.0017071263712721593,0.11061726734290551,0.00983889893206879,0.10227138602154369,0.08644013803503847
100,0.01919663859796901,0.010273133543452908,0.048113705614969346,0.05972744832559411,0.08471378690289988,0.37605814339288535,0.00046661982750314363,0.0013574950761802839,0.17312414261383263,0.005297131345782799,0.12900297887127457,0.092668775887656
101,0.0056311086045557086,0.0024724358442494046,0.06229309128284826,0.07869686267627073,0.14843661050802553,0.24257109144488603,0.0013003268389535666,0.0028085800345409367,0.16438411096364716,0.0011983818265508246,0.19728001669051745,0.09292738328495438
102,0.01872020444796995,0.014413236710852402,0.0520533007331535,0.15718328173506246,0.11538315671655897,0.22348020421233372,0.0007031742315635336,0.0016913521933985239,0.05857191635720156,0.0032316291984027814,0.21135049458269906,0.1432180488808034
103,0.032960599585012976,0.015771757732195447,0.008569947564734988,0.071947723154603,0.3186588042942543,0.18928850736163827,0.0007323649584796615,0.0006053807476763261,0.12366334263864659,0.0015142952069227313,0.08132841623889331,0.1549588605169422
104,0.021852560910275782,0.0045149246073861804,0.07041684689665927,0.08557584214392748,0.13875269619847352,0.1866913621674341,0.002897534056781875,0.0033923737487402596,0.21075105759983104,0.0007320075478150922,0.1667880589407618,0.10763473518191365
105,0.020535059354090803,0.013374457934868363,0.023933182498073455,0.22190606045664085,0.08937874746530597,0.23429897717024267,0.008815312839841022,5.705179448375368e-05,0.10041674004194973,0.002751420625479972,0.14168499617369704,0.14284799364532647
106,0.013621465680428232,0.0071017296909687685,0.02917686680474257,0.24759101935007322,0.13784402079465605,0.21262355465800192,0.00559453756710927,2.124281383286333e-08,0.1472182078033002,0.0035660640896329108,0.1233393097364595,0.07232320258181339
107,0.015607687572057861,0.008733776288158608,0.047155982726328254,0.2902146742583228,0.09389236685422774,0.23561741062748093,0.003610131773091711,0.0002131238641430364,0.09307018382059565,0.003882566625399512,0.12474635672440604,0.08325573886578773
108,0.018019582312087924,0.011188914636920025,0.11689472110764192,0.14142149050013955,0.036414653063381326,0.3165274686378568,0.0013915304907282874,0.0003064589238292342,0.10063679382197058,0.003443588543952723,0.1333939849489553,0.12036081301253616
109,0.012875489281653255,0.017098050436244117,0.09541955202887462,0.14737015043905183,0.0855419532655826,0.24733393776558849,4.871407979875723e-08,0.0007321458931551126,0.11039069947901971,0.0023524758899892218,0.1231428900567236,0.1577426067500376
110,0.011255660788559186,0.010371543503940749,0.18946671537688387,0.09639348778623631,0.07084993160816738,0.23974199419479714,0.004173324852858908,0.000692494095925938,0.08523432128569433,0.0018381511173158039,0.13130961243481834,0.15867276295480187
111,0.013818868801997867,0.006017470513027548,0.1597832393793115,0.08724951870555862,0.10738707806901517,0.26071501673927644,0.0014002294266215643,0.0007776915430155491,0.052992638364773706,0.0018559617555382571,0.20045696085461343,0.10754532584725048
112,0.026701689447392766,0.03134774565700773,0.08006932076150623,0.1175290024400438,0.07595401879801814,0.28442070631731525,0.0025477164487381645,0.0006841560087475163,0.12548824936759334,0.001669172850956151,0.0857691176354672,0.16781910426721383
113,0.013014089029036753,0.017873599950783338,0.07190757424877406,0.056277586624104224,0.10673451981274386,0.22538965593386637,0.0008292440142460551,2.2479207749744168e-07,0.15204877422322827,0.0019755235945548956,0.2988150064426624,0.055134201333922134
114,0.043955333555052115,0.002127012509731736,0.021880438160979107,0.10173926921203799,0.1510708369427298,0.17070875234769203,0.002749007186279972,0.004631314675533578,0.14787922418004937,0.0033449517643984014,0.2017343215165454,0.1481795379489705
115,0.013634684434601283,0.004518783718302121,0.013324845045119282,0.11699005946351967,0.16607042760787158,0.20316528205774434,1.1105244188770163e-07,0.009627487821455626,0.19907840417458655,0.0016975164310166102,0.15551413303711847,0.11637826515622249
116,0.00955639819321087,0.026921810177568492,0.05964525075863546,0.08101136263977936,0.08902726174141383,0.39104804257271586,3.9281926566507717e-07,0.005610194336840867,0.07513305571761991,0.004549433685913998,0.14450354009398164,0.11299325726305394
117,0.010319979923864062,0.0069793062251611035,0.03960383543248872,0.09817386011810791,0.14516929625402358,0.40563540171333173,8.078500151317677e-08,0.0017084853199909253,0.10252922340519362,0.0030901702921278043,0.08355573374215827,0.10323462678855058
118,0.020132247510746677,0.005048977916051079,0.038710594094948016,0.09335887855799259,0.13490857726794672,0.41871506447792706,0.0009820279595866882,6.707231938794064e-05,0.071352913724538,0.0059262249903952605,0.09125716077729666,0.11954026040318337
119,0.015009844571794778,0.010359707881668043,0.04676605675919252,0.061443194051985686,0.149717361132685,0.40287473331052914,0.00021133974926113762,0.00019670396987828188,0.0755949956665906,0.004988367672826836,0.12819129775220722,0.1046463974813807
120,0.015986677864943833,0.010518306155628574,0.018044367885266848,0.10769822812002658,0.2031343959899766,0.22392197922420978,0.005137157006612953,0.0014321930521004086,0.10574304606484916,0.0004497575257617675,0.1610651152042998,0.1468687759063238
121,0.02028881434638783,0.0066040793430007325,0.03044189854793132,0.10007591085146635,0.164609806634631,0.2192705754564833,0.0037820638491599555,0.0011589427082309572,0.17331724133286505,0.0040139343767284785,0.14937308075637912,0.12706365179673615
122,0.025007802734411666,0.01444588130143121,0.053064027525046666,0.14262867818909247,0.24601287866274946,0.2191632848974132,0.0033197768737500497,0.0009973238433559238,0.05319334042976276,0.003212998811780426,0.11318219684994878,0.12577180988125733
123,0.020150425772497125,0.0065485517964107105,0.02256703518580378,0.2836280035823016,0.124359051372353,0.22984990636922747,0.00026901112207041795,0.0009464622144215087,0.11508963066207344,0.0007851997256537454,0.10433555796815853,0.09147116422902873
124,0.01661070706462149,0.00445728685728706,0.05144801858070787,0.18327464891583325,0.11858100264788637,0.20385119625015716,5.3550260336787655e-08,0.0006573893190572078,0.10565500627435842,0.002120185119897745,0.18872987518765325,0.12461463023227973
125,0.015934665125394622,0.007687915220896498,0.14231375600813925,0.14768003224136167,0.15228656550280742,0.22957203436136234,0.003801945819968047,0.00048086144599408884,0.08618524977105405,0.0003252219705761264,0.1339074913446421,0.07982426118780377
126,0.010325597298560366,0.012408022909191707,0.06722354318441481,0.14952973452582818,0.04847898393030096,0.2922312848648957,1.5040008467200132e-06,0.0014470504127417209,0.13687975482493206,0.0008411969512072063,0.13205067011963992,0.1485826569774408
127,0.012384071010189061,0.01401830065214805,0.09895110715264904,0.06518004534752768,0.15255764728056617,0.26261002285638757,0.0068996034809806865,4.6223310999092265e-08,0.14595784189864058,0.002745241696040006,0.12166071113251772,0.11703536126904239
128,0.018722320993705646,0.019081410349416062,0.14748260026685858,0.15542616492696448,0.015714952822185622,0.26652862732144517,0.000559870634854277,0.00016717448392604038,0.08147524284582332,0.00377304111110586,0.1351609842206451,0.15590761002306996
129,0.0125624750357068,0.011059541205070822,0.18816224186369115,0.1741633247202988,0.0806157224497251,0.15427197013118898,0.008667904621868444,0.0007498083086920983,0.0768945544335292,0.0020580320729941966,0.14996418326876307,0.14083024188847118
130,0.006222550939319968,0.044295756194164156,0.02331086502205172,0.0689574312473951,0.08734687789648127,0.4233975517042796,6.895702121843042e-06,5.485864166179541e-06,0.08613535378950117,1.5695067711506454e-05,0.19735237828480062,0.06295315828800689
131,0.014285267783042024,0.001991049281549291,0.054061667188635525,0.1290334565269995,0.017902546021305157,0.28630006829321264,0.0011187761205507995,7.66447391742331e-06,0.07349337961638927,0.004567634775003965,0.3233864806251164,0.0938520092942781
132,0.016501511968153505,0.007052710498198015,0.04883023307380415,0.06835385594392236,0.08524339648375355,0.22993694858756117,0.005645794912381536,0.0006441481659951265,0.08868205184640118,0.0036356938112376202,0.2808507845191954,0.16462287018939645
133,0.014852722210557771,0.004403749693846134,0.03767931480377973,0.09070973281455091,0.10293141276976096,0.23997759043633077,0.007523561571698214,0.004819055309509937,0.10895781662550658,0.0024243035931848394,0.2444153593535892,0.14130538081768496
134,0.009783639066570732,0.020873789457285942,0.058183284107227416,0.07067122637267721,0.15872499868084597,0.1638483136115062,4.4024899299267854e-08,0.014027898682332429,0.19207772182322044,0.007236263531352771,0.20046106380938597,0.10411175683269552
135,0.022062281412944425,0.00835135884987553,0.03929799733926728,0.09016034447869956,0.09249468319649795,0.39219700755193454,0.0010035207701497306,0.004509471551345452,0.12228145864840566,0.0018049773451069143,0.1284909828609156,0.09734591599485747
136,0.015296797864245107,0.01642943898205787,0.06579070055710304,0.08423914512730989,0.09438699617237681,0.3505859683147414,0.0017126752842201787,0.0005612561496092009,0.14736772946732982,0.0028146642847788517,0.11438889792159,0.10642572987463761
137,0.010996806169291485,0.009518820189066116,0.04415465484513189,0.08365658440726403,0.16887213795583592,0.34553971899868524,0.0027040944971250353,0.0003310347472400623,0.10357903268928877,0.0017436611392439671,0.125406155201778,0.10349729916004964
138,0.019815244788024267,0.011787332196462105,0.05782804677803199,0.08111931569828972,0.16057847624773558,0.3160983994076361,0.001583871541688496,0.0006099611689620196,0.06326766457471565,0.009647970687753289,0.13543053491877863,0.14223318199192211
139,0.013423906204571056,0.01177271680575445,0.08007859668373912,0.028025322742442425,0.18630872105231372,0.28106578704151386,0.0030194235348970783,4.021385598912267e-07,0.1935992443305391,0.001974616120335514,0.14562970705294065,0.05510155629239326
140,0.015956686034249795,0.0036578016782015258,0.041722932904541724,0.04333222827304619,0.24021953869885398,0.26234021638637994,0.0014516479575001353,0.0008838853191741003,0.15849585842694355,0.004691553722055131,0.1498683070334978,0.07737934356555602
141,0.01723726338223706,0.008667015057928818,0.06575492512891462,0.11878557149772433,0.2382783977411285,0.17966603359446856,0.002233582781870799,7.28091783662874e-05,0.10398993948598872,0.0012586719146212317,0.16326519684478438,0.1007905933919668
142,0.029013246175462224,0.009886009179856105,0.007082489721232424,0.23385529249428944,0.1498516921286016,0.19486423861987456,6.721654308078723e-08,0.001220868630602829,0.1380452334414974,0.004029048191432142,0.13035932895366917,0.10179248524693921
143,0.013403110269483274,0.006461492181917406,0.11102872513232065,0.2631401413883229,0.13306686256197728,0.13143486230637128,0.00399884908534673,0.0006801974517630761,0.06465732997872316,0.0031582834689161685,0.17165290580635115,0.09731724036850695
144,0.02153941457694845,0.010262531451633018,0.17109632306335756,0.13448893459083816,0.12305987988532455,0.18761396167864589,0.0005367067892824496,9.337044943679488e-05,0.11345402883399382,0.003968602637790396,0.12418843701207254,0.10969780903067648
145,0.019475749094304065,0.008399192113336425,0.13145132863517,0.16038355282750277,0.10024005409640707,0.2519998379840697,0.003417631543783996,0.0012647148269044736,0.07743458321502807,0.004438489336897416,0.1037945581110435,0.13770030821555262
146,0.01422401007232408,0.015582027894118068,0.1269473493003265,0.09687924277477912,0.1090291627132466,0.2355937206429784,0.004370652319992493,3.859201456401672e-08,0.1236536701751763,0.0003396539596242505,0.14547301927373874,0.12790745228168085
147,0.022598698438699927,0.014106449394143393,0.18703001507184583,0.10280078320264008,0.09938909057172493,0.2135614549127367,2.2338287884959627e-07,0.00017169419122762113,0.10443502981250719,0.0032494404384737006,0.11005888690140705,0.14259823368171487
148,0.009710580271098017,0.026442202561703255,0.21367462196354,0.09622316557911745,0.049768375169958294,0.18400647400287673,0.00198685205119875,0.00045785795494781374,0.07896867156342013,0.003600549255705925,0.14909170316704992,0.1860689464593837
149,0.016820124246391448,0.01250297547106301,0.08644198265127052,0.04254771534116224,0.0625131286096545,0.4839545132408883,0.0005200581238850282,1.9753963280278254e-06,0.07583485585705148,0.0024929228396795055,0.14287092895413486,0.07349881926849106
150,0.040587603923728864,0.016373262914413957,0.03536913096915523,0.10930411706341238,0.14241964618885358,0.20023352212943107,0.010063647760447325,0.00031904174315255793,0.13854816748655854,0.0018782179968719248,0.10974932002469256,0.19515432179928188
151,0.04450534101747526,0.016028627692842856,0.08345051535178838,0.12565018983001128,0.19812934006997104,0.13793832679529128,0.00324275448200417,0.006283026306490644,0.12365696171049902,1.2704774321016387e-06,0.1520968037173347,0.10901684254885924
152,0.010520544849404928,0.006570339000964984,0.0855896088040696,0.07105396035782521,0.1455819407912044,0.26658705243106084,0.006398498507284104,0.0037633491714393744,0.20494301839328927,0.0022679630934507936,0.12858485014340032,0.06813887445660619
153,0.005738719925587272,0.007510094365300487,0.07491387583865515,0.07732495802899886,0.11558142602323937,0.3196211335617435,0.004248638784283831,0.00861772645699712,0.1784158888688195,0.005984831355253442,0.08480656890694577,0.11723613788417582
154,0.015552800883300327,0.00698480780247113,0.030407152146256094,0.11159050667947462,0.10909926599577349,0.36487072331918763,0.0019588711587110834,0.0019071386791485478,0.10731399215773871,0.001787267586189148,0.14864211551079745,0.09988535808095184
155,0.010896742416835465,0.005375610010778302,0.04477240699147368,0.10029360587035473,0.09672167341018491,0.34568001036605683,1.4128987846104842e-07,8.377648814798574e-05,0.1300343541576442,0.0016306513049206364,0.14935701632562426,0.11515401136810036
156,0.005294955456876508,0.008866084233186142,0.023861811934423133,0.0852998498131972,0.16508904408568442,0.41783877884172477,0.0022594516757815384,0.00017875584442946803,0.07602777967438869,0.0015225868406741278,0.114229686793619,0.09953121480601504
157,0.023147389712973625,0.008444613687932005,0.021373180598750117,0.09329054310577177,0.10516006428106951,0.2331099544727544,4.578591550938875e-07,0.000690740969033472,0.1979008348643738,0.0035591428838464526,0.20304190747117448,0.1102811700931652
158,0.03223384128332796,0.006965648230557085,0.02470627389735584,0.08400253802725599,0.2995849358289445,0.2008736313337432,1.2031459534956075e-07,0.0001405797562509432,0.10248674024334693,0.0010495325988957441,0.13531496456387007,0.11264119392185636
159,0.02642904835047977,0.01091692936843429,0.05345497183956801,0.07072545343238769,0.20009282841603693,0.18138023291156427,0.0016794912867291662,4.026169771969662e-08,0.1354723179360592,0.004594542166038,0.16561741433024738,0.14963672970075767
