,Astro,CR,Endo,ExcitatoryL2and3,ExcitatoryL4,ExcitatoryL5and6,Inhibitory,Micro,Olig,Peri,Smc,VLMC
0,0.018285276571046345,0.0016247037447198235,0.011930045607424746,0.0008486474952851824,0.00166674318042015,0.0015053914110190311,0.08519631676541607,0.7789196092615566,0.020444134286336464,0.013315424733856652,0.04558527689838359,0.02067843004453566
1,0.01832153568209444,0.0016367235984838203,0.012081536417095008,0.0008492388088189864,0.0016608670640670337,0.0015058534086773885,0.08729148888481578,0.7732666980614629,0.021047948841692265,0.013477184339022607,0.04706784633940027,0.02179307855436945
2,0.052454885887555855,0.007846882592552598,0.040058183517249414,0.004138146389912179,0.00769449785686853,0.006835390868016638,0.2590983890667207,0.30958015067224975,0.06821465081904654,0.052280048266297285,0.12852867769531767,0.06327009636821267
3,0.03282735159677112,0.0036210007190434312,0.022222459184696647,0.0019185943364406547,0.0036299072558236135,0.0032486392185191245,0.13712646228263156,0.6131294350465006,0.03856359592776203,0.026148914433861904,0.07891186071950039,0.03865177927844899
4,0.0336953197095354,0.0039530255661755056,0.024148454553181556,0.0020998808137857646,0.0039899016827254895,0.0035834799876383046,0.1623256768649386,0.5678429569211428,0.04191508980361682,0.029128967070712154,0.08643158334288249,0.040885663683665356
5,0.05919896389959109,0.012127825584054218,0.050839948618528356,0.006343997063830487,0.01157923704025874,0.010208905298908293,0.34229579840059365,0.12360293404981769,0.08556829954175889,0.07238354023137826,0.1493645054102577,0.07648604486102278
6,0.0653218116367388,0.016303060048960046,0.058797114549042406,0.008687216250907653,0.01533640615311725,0.013357864597529303,0.33848510161382406,0.06175756433642926,0.09642360835544203,0.08562547051920676,0.15548093034838006,0.08442385159042247
7,0.06540107527828275,0.011792435386003323,0.052936225520436975,0.006499491992028163,0.0115282892964894,0.010142179870957977,0.26310197183754336,0.1951877087722999,0.0859372465525558,0.06734798892528795,0.1512148233094586,0.07891056325865585
8,0.06348558254528058,0.015738856656436588,0.057470499914384056,0.008411676470415871,0.014892372216671447,0.01304508729516877,0.34357982116738045,0.06572713613873951,0.09512534390292442,0.08345912236504896,0.15614512853123058,0.08291937279631863
9,0.05990355751494267,0.023872547689640342,0.06113882862872121,0.012465896067237062,0.021344126922739647,0.01832320045121868,0.3637353179769523,0.01559591112309112,0.0987690846775015,0.10102150650529171,0.1414667212199818,0.08236330122268203
10,0.061481730788979734,0.029299763681950124,0.0649294683650684,0.015588433751028606,0.02586164589808484,0.021969415235052248,0.3373988033120771,0.011936639728380589,0.10212895002621886,0.10863849428901824,0.13615660046289543,0.08461005446124582
11,0.06892224764626832,0.02507722304817958,0.06811097255451927,0.01389066497200363,0.023101987511756288,0.019805962840570002,0.3115853438782987,0.01978125375041307,0.10571012454880199,0.10344608495451403,0.15089518199486082,0.08967295229981416
12,0.06220945436560619,0.028082744625115102,0.06535308171219505,0.01509448793195974,0.025094693247114608,0.02146011460198655,0.3329459526080015,0.012979221001129257,0.10278625563189715,0.10706090503518635,0.1415451886384907,0.0853879006013179
13,0.05688503990594639,0.03869930955195328,0.06515637662115702,0.020341326699511622,0.032722558727549624,0.027489225981341188,0.32570257021509785,0.009381920196141234,0.10101895779810609,0.11664470439251881,0.1230013989397217,0.0829566109709552
14,0.0574315898887268,0.04609278286602603,0.06743559345947384,0.024716120186205004,0.03855263197354281,0.03213571665194358,0.2988557302253901,0.009454030087045215,0.1023827838631233,0.12189110522674239,0.11673279716464191,0.0843191184071391
15,0.06309833149604475,0.04081296319936571,0.07046057251369915,0.022770552349905184,0.03561190722682693,0.029902220128144825,0.2865710223359839,0.010287987998214362,0.10625821168311902,0.11971364807428292,0.1270958508895692,0.08741673210484403
16,0.060162468776920795,0.04367933528095754,0.06946491112098674,0.024035048020076985,0.037449742913121226,0.03147346218892673,0.28808473474627844,0.009843255427899664,0.10460396061351954,0.12048352479979757,0.12385880355720383,0.08686075255431092
17,0.055455306794933615,0.05714507963605856,0.06859102017417658,0.031090521848908387,0.04683013901602229,0.038822032880763906,0.2710323434778615,0.009326898738776804,0.1018195320542372,0.1256623528351883,0.10865966729719526,0.08556510524587757
18,0.05486217236681892,0.06639766479774104,0.06994133596067158,0.03699780096252806,0.054020060377729016,0.04454320265172928,0.2458808806619776,0.009372564686114398,0.10155967727479596,0.12795213767964767,0.10189916935120456,0.08657333322904195
19,0.059424441537251606,0.06062140776364615,0.07285871549512872,0.03448902338560774,0.05084791890045073,0.04213362643476934,0.2427683351123421,0.009786672240702657,0.10349051853984802,0.12847849907792963,0.10876078600223318,0.08634005551008997
20,0.058727942589864295,0.06211464556752107,0.0736880719071035,0.036171023740713404,0.05251860307361336,0.04381002864075763,0.2325199200312001,0.00993487100722096,0.10475457073882415,0.1272342216047067,0.1099100141569571,0.08861608694151786
21,0.05467126873217371,0.07720509865838825,0.07156562438063237,0.045192685078261775,0.06331751757092753,0.05235549764055302,0.2102225042440868,0.00957020308103047,0.10125522738467198,0.1288104786927868,0.0975079802217828,0.08832591431470449
22,0.05361798270545533,0.08810377802912188,0.0708609869624883,0.05276707071084584,0.07180336548178139,0.05919622758991746,0.18861537192263259,0.009483311327462919,0.09925414703851002,0.12800449955103813,0.090534125572169,0.08775913310857722
23,0.05666165438947275,0.08205465711953183,0.0725923092956779,0.04969904217574059,0.06807704410990063,0.056355201902556544,0.19133907592034052,0.00977645156692619,0.10148006206704303,0.12860295770325342,0.09443613689319028,0.08892540685636618
24,0.058572208910417776,0.08107179704999048,0.0760348472229271,0.051553286069387125,0.06933626465599155,0.058205020898178,0.17528071296536762,0.0102854482149961,0.10326585531330142,0.12742517708528972,0.09828996808431684,0.09067941352983641
25,0.054690014684687566,0.09619942006049545,0.0736778123443685,0.06238424240835278,0.08086668756352518,0.06771573650586918,0.1534649888099683,0.009809461584469815,0.09910458403241698,0.12517811946021867,0.08768748223591014,0.08922145030971744
26,0.05260763818444012,0.10708040723688578,0.0720968021128163,0.07141387033025946,0.08998450728341797,0.07530452898369486,0.13554522544353043,0.009517463737445338,0.0956624785109162,0.12243985297572846,0.0800408317930677,0.08830639340779745
27,0.05427584153059256,0.10275380460079783,0.07345714924666781,0.06813544773044974,0.0867198725619849,0.07252412081586651,0.1405495557164574,0.009700222088979023,0.09689183260192563,0.12398574064346536,0.0824433448591617,0.0885630676036513
28,0.058071631439146974,0.09756351386192941,0.0778250741800345,0.06969171367302332,0.0864416121964887,0.07410056538906871,0.12492933590032451,0.010479127210106302,0.09981689399518129,0.12183742963585903,0.08808646387532283,0.09115663864351431
29,0.05430158350230531,0.11053120959402463,0.07529698840861127,0.08154877235663002,0.09744527533536412,0.08384946761754156,0.10627125408391495,0.010060488233065159,0.09456444961647169,0.11819799324672009,0.07837067117158437,0.08956184683376693
30,0.05135588704736545,0.12095171204264232,0.0730606603995731,0.09195958009410508,0.10662984855887987,0.09215245775236951,0.0931117833222659,0.00951895209916174,0.09061769748059861,0.11223885578607934,0.07098053457722947,0.08742203083972966
31,0.05220846647427255,0.11905806863258936,0.07236418585901996,0.08921546980628747,0.10458678369292473,0.09000946311548247,0.09847042592165066,0.009554005648156104,0.09141872681219902,0.11382817717544048,0.07209539876015285,0.08719082810182452
32,0.0584806437376732,0.10869516604852449,0.08019541748689843,0.08855426739833082,0.10147221466063495,0.0897225828065644,0.0848197277209441,0.01074147003700591,0.09499453612442442,0.11310219861122142,0.07897276696455005,0.09024900840322775
33,0.0551217558247087,0.11856845331852468,0.07676726902474777,0.10089651907744514,0.11137537593960303,0.09951146474710165,0.07175125148316089,0.010272882655693812,0.08981715254177179,0.10723044271675776,0.07082030711706522,0.08786712555341955
34,0.05176078417770466,0.12829118486018548,0.07271921642811506,0.11213522077545425,0.1204294253491372,0.10820653981586847,0.062266474445065896,0.009649668587717073,0.08438970321088164,0.1015452236019856,0.0633519868343612,0.08525457191352342
35,0.051018450420130534,0.12877449046110337,0.07193993608290546,0.11072363210743252,0.11997382019712512,0.10712108124034056,0.06587011243852284,0.009507978828760422,0.08465677833150984,0.10245936917427678,0.06358174772153788,0.08437260299635461
36,0.059737201183969225,0.11421920631266567,0.08131525086034973,0.10645431137148305,0.11306741672520122,0.10421904143835757,0.05641816343631865,0.011048570701050002,0.08911974216381402,0.10422228767216711,0.07196061424202761,0.08821819389259615
37,0.05538252026055772,0.12325492972921676,0.07727824902290731,0.12010568485382105,0.12305710781891303,0.11468143708624533,0.047344163338886636,0.01040738271999565,0.08340642856143819,0.09630827892535576,0.06341998551577234,0.08535383216689013
38,0.0513752316835974,0.13189303148441642,0.07269704859173952,0.1321447192060581,0.13180016503972036,0.12384953444167483,0.04082074278539976,0.009663806592359363,0.0777737828646203,0.09048039496424301,0.05607793927819185,0.08142360306797905
39,0.050859078409644085,0.1326756480319867,0.07158361842073556,0.1304408996442918,0.13137891525142523,0.12253337689110942,0.043378627016635724,0.009573700042147082,0.07821220203088163,0.09139101621981782,0.05624902546938821,0.08172389257193673
40,0.06661400414796159,0.1091314394183458,0.08777228326058131,0.11150113080494134,0.1129763363551086,0.10861984172485917,0.04140217806605512,0.012117520227193194,0.09009759736514764,0.09726120736974633,0.07314239660965698,0.08936406465040292
41,0.05798676959187246,0.12126808712154931,0.08042457722547872,0.1252485362318102,0.12444788832401088,0.11912652060213685,0.03891151305101749,0.010840521990597936,0.08191680088960299,0.09285637151831247,0.06264803822982663,0.08432437522378401
42,0.053251624093088104,0.12940687885776841,0.07460318451110425,0.13815804756858344,0.13330215320973468,0.12873885693529621,0.033592006308991035,0.010031407513246923,0.07670082358503191,0.08621998104403976,0.055010587908574146,0.08098444846454124
43,0.054297848949172285,0.1298604567475328,0.07445357233278435,0.141891119091002,0.13487570549578995,0.1317540297088597,0.030283476859649015,0.010103454107341567,0.07464727031455133,0.08466298149451529,0.05357493895438297,0.07959514594441892
44,0.07095918121533612,0.1091527302923672,0.09070410221792458,0.11971824942331617,0.11595014565234397,0.11560328346203252,0.030500884576336335,0.01260146886932154,0.08611113641981923,0.09083215581945663,0.07030350982112277,0.08756315223062294
45,0.06689198258606589,0.11357518751275385,0.08770636573712692,0.12707125147212722,0.12114691518449204,0.12122447098225721,0.02866709019285378,0.012099559659256125,0.08243099465557424,0.08840331815301232,0.0654594213691628,0.08532344249531768
46,0.06105991128263006,0.1213831941790232,0.0814030253571025,0.1407435514563201,0.1303676693841492,0.1318650980886326,0.024794613051794603,0.011240205844926823,0.07642721659858574,0.08250438578841462,0.05707592328674902,0.08113520568167144
47,0.06352443409731094,0.12028156159190331,0.08251152792505989,0.14163268991575592,0.1298576225627147,0.13273495280877304,0.02269556303699955,0.011463441800548136,0.07615385810202237,0.0812476131830074,0.05710358226805701,0.08079315270784788
48,0.06372103467160738,0.12162620888442872,0.08222426389142914,0.1421328469429759,0.1302652624479164,0.13297724207177603,0.022105719752631005,0.011425660152428529,0.07541668299128171,0.08154434557436427,0.05595129174597942,0.08060944087318153
49,0.08745778965363653,0.10489596650477379,0.09734093077167423,0.12267959724260334,0.1129517343490398,0.11890222100298196,0.018507265913109017,0.01396829697304521,0.08427886749594457,0.08268317032013761,0.07015437413278734,0.08617978564026647
50,0.08780290407382788,0.10458359335139422,0.09772479277170855,0.12250689321666178,0.11288215421884781,0.11886840694899974,0.018491227956490244,0.014006448032748524,0.08397074259430451,0.0826666320332706,0.07070535389271887,0.08579085090902724
51,0.08741729633821203,0.09826367460514313,0.10115699486002414,0.11196896243289582,0.1063286401577144,0.1102534232248667,0.023229733979444993,0.014274280771359015,0.09028050629686676,0.08657287517155804,0.07932040882397426,0.0909332033379406
52,0.08042340986152736,0.10588597983350777,0.09624953533878466,0.12377804175799069,0.11461088671050064,0.11961834575493058,0.020989115485329026,0.013491844501351482,0.08398389741836233,0.08356523073644052,0.0700284946890349,0.08737521791223998
53,0.07313439574418838,0.11353627352627908,0.08975013238637446,0.1379004141764552,0.12370992473325884,0.1305602789858857,0.01815594500450362,0.012636207007237587,0.07792968923796631,0.07934191537313735,0.0606336730217612,0.08271115080295216
54,0.07588902926744198,0.11258240410436744,0.09147685345346286,0.13799002203582078,0.1226971840703486,0.13088367534935993,0.016549726453309932,0.012895442918026426,0.07718217720918873,0.078058482623268,0.06073210784052903,0.08306289467487622
55,0.07592061938080291,0.114009568275354,0.09037244220073384,0.13927587316283704,0.12365398234358844,0.13181252022543222,0.016231069107393904,0.012775976197199577,0.07648678448483283,0.07764907675539863,0.05958062616506351,0.0822314617013631
56,0.103925239872572,0.09847066455692877,0.10626823283977091,0.11698673299792091,0.10501280226686388,0.11498432752475986,0.013108253293764482,0.015236313420062216,0.08561521778653512,0.07633451330169902,0.07461893786800348,0.08943876427111935
57,0.11424787327172917,0.0913176562078012,0.1110723716278297,0.10485016058293557,0.09689496276390001,0.10508224519890384,0.014255501322348913,0.016081599245268585,0.08989423278829824,0.07856212369312601,0.08453226995348494,0.09320900334437388
58,0.08572355708252753,0.10129469560953608,0.09870119291735346,0.1156419497164745,0.10900897766558788,0.11309080276571531,0.022098436110037322,0.013989253177096223,0.08956022431610636,0.0861229510384037,0.07547223359438653,0.0892957260067752
59,0.08676217821208655,0.10436148625911698,0.09918792950787572,0.12499693872661524,0.11332287034435569,0.12111638015701881,0.017046718344184888,0.014038664969776878,0.08322838563478671,0.0799142759928827,0.06979743559160416,0.08622673625969572
60,0.09086816617649837,0.10505241832225264,0.09985494461098332,0.1294284551434728,0.11416019644113044,0.12511824232001176,0.013481744410437108,0.014155777769555901,0.07982323497641489,0.07560517200420053,0.06690581804390082,0.08554582978114153
61,0.10027964758345415,0.10041504024456194,0.10528173190632545,0.12117361858445175,0.10778205133044706,0.11856132593798863,0.012899221303548251,0.014920487649118517,0.08317876560279196,0.07549197179286349,0.07192629861153906,0.08808983945290988
62,0.10086958332569877,0.1013451802417377,0.10413052062298475,0.12164124499858205,0.10807599729582167,0.11883993152129663,0.012609053738116846,0.014883608401796809,0.08310585822201236,0.07562912610139594,0.07083921685633753,0.08803067867421897
63,0.1385158240557036,0.08527665162583563,0.11886784407251491,0.09684357361823283,0.0882061842239004,0.0988120766056897,0.009781621690006475,0.01795303708655439,0.08873639858092118,0.07168254580603785,0.08877285175437206,0.09655139088023092
64,0.14693765472667167,0.08047620397928436,0.1199878416572146,0.08953638771091206,0.08318230204211487,0.09269789296854458,0.01027615654113837,0.01912715986717033,0.0918550847153575,0.07121869676281392,0.09545596710526241,0.09924865192351524
65,0.11999651353051562,0.09342474993535425,0.11383395179792895,0.11094983182793185,0.09849732983861624,0.1108134790793604,0.010142124116955732,0.016236898466483376,0.08437164342819686,0.07156838105175063,0.07895438750426796,0.09121070942263813
66,0.13586096245133825,0.08638810370106761,0.11757945742645737,0.09888809276394761,0.08957230487004338,0.10060085529413614,0.009741197808311241,0.017598919060381326,0.08962858003884352,0.07088443435404969,0.08688946379864688,0.09636762843277702
67,0.1830020507414366,0.06852573512976813,0.1245112949667692,0.07259481005384096,0.06837589201468428,0.07767558295868204,0.0071064807430809545,0.033707939374132564,0.0924919460524434,0.061619818293806784,0.1052836974760196,0.10510475219533548
68,0.19957784429709186,0.06207170979859522,0.12470220112707385,0.06316784247848005,0.061329254893326544,0.06863684349746858,0.007194344190685214,0.04827969120063115,0.09074011802659443,0.059907353781897654,0.11025879709289359,0.10413399961526193
69,0.16837513671256724,0.07587393921253621,0.12195616106184914,0.0828072243420703,0.07647975035895509,0.0867669306260786,0.007638453540207269,0.023473180911697276,0.09224398207987229,0.06506399634368497,0.09844594509113334,0.10087529971934825
70,0.1887534334154185,0.0673481990886216,0.122342472213472,0.07000195633014783,0.06682905986973225,0.07522352671250497,0.00722801984970562,0.03772063680668867,0.09282350551859359,0.06174990172264269,0.10675501510301331,0.10322427336945914
71,0.19662833303542565,0.06800680398534238,0.11897989308632129,0.07025127830403365,0.06779236461537363,0.07585252338306296,0.007530741821854316,0.04088860694063783,0.08935481219241745,0.061332827470975536,0.10721954907424225,0.09616226609031295
