,Astro,Endo,ExcitatoryL2and3,ExcitatoryL4,ExcitatoryL5and6,Inhibitory,Micro,Olig
0,0.01990469166619775,0.012976849464181244,0.000922224694350967,0.0018114557219312054,0.0016360869298819938,0.09265915166621015,0.8478512193047734,0.022238320552473257
1,0.02000434981783131,0.013181260964881862,0.0009256428978834285,0.0018104971422899729,0.0016415135524523743,0.09522326369547911,0.8442493854434853,0.022964086485696585
2,0.0701497259799006,0.05353855562575649,0.005525666263460567,0.010275383066872512,0.009128180328586226,0.34622962336906693,0.4139834443532638,0.09116942101309275
3,0.038514328846098685,0.026054595768940036,0.0022474158357765014,0.004252448078036355,0.003805790895445802,0.16074501954071954,0.7191667497287338,0.04521365130624919
4,0.04014429754779739,0.028750768011767208,0.00249773672981795,0.004746349753605986,0.004262884438842241,0.19323531088620013,0.6764588760907047,0.04990377654126445
5,0.08588452675686936,0.07371741609255379,0.009190338644875047,0.01677584494595432,0.014790729837437618,0.4962457995457148,0.17932392521853346,0.12407141895806162
6,0.09930268660574412,0.08934061763532551,0.013188788931901394,0.02328512943245541,0.020281430759532204,0.5142282601488077,0.09386413671601844,0.14650894977021528
7,0.09473751315093981,0.07664009959124105,0.009402078604769763,0.01667796960985178,0.014672805710850726,0.38084162650844966,0.28261263703212136,0.12441526979177583
8,0.0959878107995728,0.08685060325987562,0.012700790980885657,0.022487808212376625,0.019698677452068568,0.5191610375711504,0.09936008252031749,0.14375318920375282
9,0.09202283697264467,0.093883356977061,0.01912642081157384,0.03275050125721504,0.02811579889158435,0.5584862266529137,0.02395175632847969,0.15166310210852776
10,0.0959143502829967,0.10125753469524214,0.02429147763362168,0.04030254936172769,0.03423768289011579,0.5261178140840967,0.01861510906630421,0.15926348198589493
11,0.10929605192768879,0.10796779564194466,0.02200248327821663,0.036595149109572116,0.031374563376158016,0.49384791933057004,0.03135387251582807,0.16756216482002181
12,0.09756004330333033,0.10245305798026898,0.023644727068751713,0.03931228324489489,0.033619203403878424,0.5219313424494195,0.020347100803621797,0.16113224174583426
13,0.08909604608430154,0.10202110144894729,0.03182655952324372,0.05120178160194596,0.04301406968343156,0.509981637295841,0.014690159345895149,0.15816864501639372
14,0.09105244156353114,0.10688527020202422,0.039148295742738974,0.06106749086355226,0.05090421673602741,0.47368836114872587,0.01498479031981231,0.16226913342358784
15,0.10100096442187909,0.11275385974197485,0.03641381924097608,0.056952152871943613,0.04782193228452225,0.45856373832077646,0.016462811108855988,0.17003072200907168
16,0.09627192314728127,0.1111275059287904,0.03842353572795227,0.059872990998185105,0.05031934694021816,0.46090082737920446,0.015746793193880743,0.1673370766844877
17,0.08904132258889869,0.11010811099173681,0.049876594104613946,0.07513161476334614,0.0622850382852252,0.4351405350470178,0.01497274586121075,0.16344403835795063
18,0.08891394926367334,0.11333057102782523,0.05991433257062718,0.08748524983044102,0.07213875066131255,0.3984723045955027,0.015187513477551385,0.1645573285730665
19,0.09652599296924967,0.11832345738537173,0.05597766918900841,0.08253340751759006,0.06839002018698438,0.39429297840854494,0.015894044189325385,0.16806243015392547
20,0.09596331658090743,0.12038383800675825,0.059056386405669535,0.0857532712216247,0.07153460674367021,0.37994427908182177,0.01623089614272788,0.1711334058168202
21,0.08991560786039776,0.11768099046788662,0.07427205172368652,0.10406682930852262,0.08605071496109877,0.34577758433817884,0.01573762447464778,0.1664985968655811
22,0.08855399306441356,0.11701480453434741,0.08709162811922176,0.11851852197964305,0.09770981628003325,0.3115531380952555,0.015660720328840166,0.1638973775982455
23,0.09352347093754654,0.11979913525845912,0.08197702824485759,0.11229744665828349,0.09296230610432124,0.3158384732488456,0.016134666075399387,0.167467473472287
24,0.09722781709509684,0.12619493497674095,0.08551844352060221,0.11502650083824094,0.09656009634731029,0.29101173634326266,0.017071229103376825,0.17138924177536932
25,0.09090565551336334,0.1224508508498967,0.10363202921497103,0.13434537967876456,0.11249682832757378,0.25515619756914965,0.016303659628389047,0.16470939921789188
26,0.08738265542612059,0.11974117203218716,0.11855688455547678,0.14939740607314683,0.12502387561844439,0.22521083447292214,0.015807522273702298,0.15887964954799996
27,0.09013605738842659,0.12197623462279833,0.11309191546130261,0.1439479137079911,0.1203835861184733,0.23346838619266977,0.016107845997105723,0.16088806051123256
28,0.09658313812390644,0.12942044754465493,0.1158450793787878,0.14369953156817594,0.1231820237031247,0.2078484660167817,0.017426832567795095,0.16599448109677342
29,0.09001508194109974,0.12480614437679373,0.13511661094948277,0.16146845292497847,0.1389370839226301,0.17623520554261363,0.016675827537414617,0.1567455928049869
30,0.08442173941140649,0.12009110405780174,0.15110485696921658,0.17522384303539917,0.1514298007847525,0.153128600798846,0.01564679185022013,0.14895326309235737
31,0.08590530974647444,0.1190596568642151,0.1467353589812082,0.17202923607593942,0.14804893427387633,0.1620900698321044,0.015719410935654328,0.15041202329052794
32,0.0960434043272252,0.13169341877165458,0.1453707790743782,0.1665908428336272,0.14729667387172296,0.1393642200086428,0.01763937942250552,0.1560012816902435
33,0.08956491434632224,0.12472620134565061,0.16388211462330737,0.1809170216544319,0.1616400069841032,0.11664420313322339,0.016690816346741095,0.14593472156622012
34,0.08328451896929463,0.11700007033379328,0.18037370959181545,0.19372975449875446,0.17406118992000869,0.10024195695139276,0.015525705210512738,0.1357830945244279
35,0.08218884069463377,0.11588537347132277,0.17831622449068824,0.19322735184705098,0.17252136645118082,0.10616884944284051,0.015316155263104661,0.13637583833917818
36,0.0961459586723321,0.13086683514208985,0.1712841391035088,0.1819388929571869,0.16769413947245962,0.09085418359354637,0.01778128911293796,0.14343456194593832
37,0.08768416536241246,0.12234442144817421,0.19011064584504644,0.19479706636424923,0.18153070389164405,0.07500223230391588,0.016476538640964128,0.13205422614359366
38,0.08026234603270518,0.11356892685546523,0.20640877683519837,0.20588517119538624,0.19345686930896314,0.06381324494993632,0.015096843265903971,0.12150782155644156
39,0.07972589236823621,0.11220917868561898,0.20443805171869295,0.20592236350405213,0.19204985471447836,0.06804078092079985,0.0150068817545024,0.1226069963336192
40,0.10555860393388838,0.1390799641256737,0.17664964403254726,0.1790001144858709,0.1720899027091688,0.06564774528263846,0.01920068072618275,0.14277334470402986
41,0.09076460440433484,0.12588092327418235,0.19601002582427962,0.19477144803482094,0.18643419719598256,0.06094602400677965,0.016967445329653955,0.12822533192996605
42,0.08213252080279887,0.11506131898838216,0.2130600230103032,0.20558576041057772,0.19853833407681168,0.051845436533954646,0.015471291362622307,0.1183053148145494
43,0.0832396811011383,0.11413728572128777,0.21750404116898242,0.2067631313782754,0.20196822665085631,0.04645674840781597,0.015488266847321394,0.11444261872432249
44,0.11050403302101028,0.1412494792439396,0.1864151633612329,0.18055964360719032,0.1800110272964627,0.04753109393754794,0.01962339629100793,0.13410616324160834
45,0.10334977437463891,0.1355064166894292,0.1963111174547454,0.1871706016378101,0.1872814704148749,0.04432208607819707,0.01869351601669904,0.12736501733360533
46,0.09280706372484492,0.12372727668318301,0.21391516447169034,0.19815662910677573,0.20042298696522204,0.03771352994313989,0.017084006791097544,0.11617334231404652
47,0.09616027460129095,0.12490318171262357,0.2143991668256238,0.19658492837205932,0.20093149915715952,0.034380595254017564,0.01735257215772806,0.11528778191949718
48,0.09650151629551347,0.12452515323708868,0.21525744510279535,0.19729411018010184,0.20139273939053637,0.03350213694956184,0.017303249775860684,0.11422364906854177
49,0.1332893291968623,0.1483565733188885,0.18698671142390733,0.17216617045161778,0.18122944226862953,0.028227119434850425,0.021288369571916658,0.12845628433332754
50,0.13378127092912398,0.1489037341882223,0.18667602877188288,0.17201638547939493,0.18113185287502878,0.02819549037490756,0.02134108973898336,0.1279541476424562
51,0.1355452276665614,0.15684939259895192,0.17360965267755504,0.16487325147563245,0.1709513645490209,0.036044969804069425,0.02213241230424459,0.13999372892396433
52,0.12312491030063027,0.147356228488234,0.18950464043468385,0.17547823134663407,0.18313713494433792,0.03215727564734892,0.020655298532841912,0.12858628030528904
53,0.11016811298222921,0.13520202584371394,0.2077492924141765,0.18637926421826068,0.19669139010644202,0.027370978720725875,0.019035079350572717,0.11740385636387901
54,0.11400805886884692,0.13743152595032135,0.2073298867530615,0.18435933069744462,0.1966520937707318,0.02488216811263836,0.019373180973350577,0.11596375487360479
55,0.11388912903785399,0.13557485650318274,0.20896038427401703,0.18552866637542745,0.19776219141896037,0.024367430437765396,0.019165768299056907,0.11475157365373619
56,0.15716579921961046,0.16072129235205174,0.1769597852345734,0.15885037154097456,0.1739291491309329,0.0198397194301881,0.023042083069110077,0.1294918000225589
57,0.17510193765702853,0.1702457596303855,0.1607288113117942,0.1485372029275158,0.16108348177685317,0.021865893315878616,0.0246457062236293,0.1377912071569148
58,0.13232105729821825,0.15235429759614597,0.17850323691852057,0.16827317711697667,0.1745667094748835,0.03413548797337572,0.021593127128191093,0.13825290649368835
59,0.13150352982415917,0.150342892807294,0.189476306932529,0.17178691108986077,0.18359378923333378,0.02585765314481765,0.021278333733630025,0.12616058323437565
60,0.13623422062561819,0.14971805492793672,0.19408655506724323,0.17119542494841955,0.18762153601746526,0.02022937268499194,0.021223853724868288,0.11969098200345668
61,0.1509805518877302,0.15852383000633047,0.18248109428550677,0.1623174057281181,0.17854531543985977,0.019437077183693793,0.022464760477351287,0.12524996499140964
62,0.1518491748601339,0.15677100502997646,0.18316519733429257,0.16274155811597596,0.17894508101313983,0.018997319299553422,0.022406476130421023,0.1251241882165069
63,0.2105615412722399,0.18071549633697018,0.14726515725392625,0.13413030690365543,0.1502558302218328,0.014881965729556171,0.02727904426459003,0.1349106580172292
64,0.22477775315276455,0.18357142296350434,0.13701132370298247,0.12728801580330118,0.1418467972223236,0.015733000944287957,0.0292371186644343,0.14053456754640165
65,0.1804516193512749,0.1712033824211893,0.16690165815445762,0.14817025811452716,0.16669373053259287,0.015265181496490655,0.024415572201208845,0.1268985977282586
66,0.20597536759747626,0.17828053517670256,0.14997352961660895,0.13584498724925928,0.15256833562114008,0.014781117418134043,0.026671856053170896,0.13590427126750795
67,0.27749312025402323,0.1888327302869474,0.11012757665549379,0.10372482655126895,0.11783205058149222,0.01078530563342493,0.05093061773383644,0.14027377230351304
68,0.3007856712723558,0.18796955392007547,0.09524094389572765,0.09246655256910018,0.10348421514063973,0.010851805446562201,0.0724235911076576,0.13677766664788152
69,0.25517623702853426,0.18485626258225127,0.12554957277758927,0.1159540943304264,0.13154992950414715,0.011586641917290048,0.03550498065915401,0.13982228120060758
70,0.2855984767602593,0.18514385771599312,0.10596443131375127,0.10115905228643243,0.11386559344346568,0.0109460494686611,0.05684938977552543,0.14047314923591173
71,0.2946911062586323,0.17834659638487002,0.10533168260361844,0.10164252122104664,0.1137271255360703,0.011296197324590024,0.061023992022640576,0.13394077864853166
