,Astro,Endo,ExcitatoryL2and3,ExcitatoryL4,ExcitatoryL5and6,Inhibitory,Micro,Olig
0,0.025128906436462654,0.006768302210894471,0.035738654224192826,0.07458341467101935,0.3423321278360662,0.5144202454264414,0.00018256743654209874,0.0008457817583809629
1,0.036159802491539536,0.006732090664689258,0.037835754313213385,0.07962556437503424,0.3044449490751931,0.5249588544543033,0.003089824433370295,0.007153160192656789
2,0.03843924670541403,0.0026678922237709205,0.031631687541457426,0.053455174073688744,0.31346504468238706,0.5510295274458774,0.0020697693562788627,0.0072416579711255796
3,0.03328010701554048,0.002071532095977532,0.04675665070061189,0.051055335767398374,0.31373206034520995,0.5435208945104187,0.0035591813736207604,0.006024238191222166
4,0.028938693529524325,0.005620353373367024,0.10396286693773107,0.10470435348903093,0.2916412767214944,0.44571106959262285,0.005089512387297081,0.014331873968932282
5,0.022974036534710564,0.003190212937588621,0.036372969819441374,0.050661625663080564,0.3511908931549514,0.5267286239563552,0.002479901840630573,0.006401736093241861
6,0.023530475195820272,0.0030274664141809447,0.0587557143675509,0.0735334089297781,0.32589021129690593,0.5028812365387874,0.0026898510344968893,0.009691636222479745
7,0.026888343941819944,0.0030264809117170636,0.06872688907752915,0.09153209022816106,0.30315905816335004,0.49501536786644695,0.0033984166509695196,0.008253353160006152
8,0.028108114634491543,0.0032389716439043285,0.0768788945985147,0.09288324729630595,0.3063709998225901,0.4802529385258116,0.004194660204490893,0.008072173273891052
9,0.027395430151086593,0.0033785544517721533,0.07977699876829523,0.08961101006862363,0.31973436721028436,0.46589450695939555,0.00419766005318756,0.01001147233735498
10,0.02595732966187384,0.003423363281527597,0.08023653563552817,0.09462896203894117,0.3134137835835415,0.4697547124779271,0.003946726188444672,0.008638587132215927
11,0.02016945050211253,0.0024717033757140805,0.06286056546022008,0.07277397052010234,0.34713286180615566,0.48525449870838555,0.0023501070194919325,0.006986842607817823
12,0.031670660142480114,0.005100943244738329,0.09316540188994535,0.1234051725182807,0.30234320534967973,0.4260082059519318,0.005631210276427246,0.012675200626516588
13,0.029984879574080726,0.004957688796422553,0.09191919764672737,0.11232097066441082,0.3021450867897025,0.4438363892700685,0.004234060823934727,0.010601726434652667
14,0.029429091028394857,0.0040161711595769764,0.0837625448519595,0.11203586420745848,0.29346221436449876,0.4601762026630543,0.0052286881582306365,0.01188922356682633
15,0.01838248514272132,0.002475966698688655,0.08116048847168919,0.1062313534466852,0.3188562523005981,0.46032282351569226,0.0022566184241828726,0.01031401199974252
16,0.03859703811763098,0.003641577795124621,0.07466185419962089,0.12795404807920563,0.2788410525981292,0.45856803523449435,0.0044800800485166456,0.013256313927277713
17,0.032149888607252965,0.0045760012939072845,0.07256196979994362,0.13279904522580208,0.28413790565748936,0.4586358205055499,0.004606309700345494,0.010533059209709301
18,0.026493848226166468,0.004530134969136052,0.06727052069244423,0.13347767097779042,0.30917590277650975,0.4470450021864776,0.0032240955128506952,0.008782824658624759
19,0.01442707785818036,0.0030254036045949577,0.04021747445801148,0.07245310990356958,0.34180098322412183,0.5258308626421991,0.000794862951187255,0.001450225358135373
20,0.02797201627348604,0.005410259986244084,0.06821679331010955,0.12454792926692539,0.3088274752490393,0.45182413611092376,0.0034526014552715917,0.009748788348000347
21,0.023304338462151106,0.0029145117117139615,0.06179791515775479,0.1095142565927045,0.3233712496169911,0.468742309823643,0.0030325235277538958,0.007322895107287668
22,0.029520828739251135,0.0030707447640410516,0.06897332704140628,0.13783096432712894,0.31910190374089265,0.4290335052130699,0.0037543163395196972,0.008714409834690313
23,0.029029395744763344,0.0017939912900247627,0.05413363667399076,0.11029924158760832,0.3158294839622744,0.48092605741258365,0.002200756970925577,0.0057874363578293295
24,0.033725576529309916,0.0044683376889550624,0.058430590623670314,0.13875228192784125,0.30961311441606293,0.438397236287238,0.004960336220031185,0.011652526306891266
25,0.03268756604423653,0.0039201212762561295,0.06242537436474632,0.1433211179109174,0.2745046913392355,0.46708048370041416,0.004201053007891938,0.011859592356302037
26,0.02603740465233862,0.00409468795275289,0.06155873678238249,0.16151195346535488,0.3040617931086161,0.4287945256257709,0.0034552270959783125,0.010485671316805842
27,0.028234975406361246,0.0038718756814723563,0.05864771836757041,0.12586221479116497,0.30781519204910246,0.46628129454672335,0.0032328263769472354,0.006053902780658085
28,0.029949655415495022,0.004488122983428279,0.06859820063119386,0.10093946709142285,0.28711912354259483,0.4895846648747059,0.005387668256000956,0.013933097205158238
29,0.035223954147444156,0.0064008861593817315,0.06878576744023918,0.0949780155731093,0.27149292936158126,0.5021306421095753,0.006196161756925203,0.014791643451743875
30,0.031578154658561855,0.007746937769516974,0.054923456650276196,0.09142051660005171,0.32061191150764157,0.4739058191500242,0.004529746374441319,0.015283457289486055
31,0.028816016145199314,0.003549419941802037,0.05238922023567749,0.10677145201648541,0.30512430431053555,0.4882779444574362,0.003592762003878882,0.011478880888985037
32,0.03389658551172436,0.0062165090185809105,0.06354086883288858,0.10931383458124018,0.32189369281484825,0.44402639814200373,0.005034420964383087,0.016077690134331087
33,0.03138306771022522,0.00458478657334371,0.06723258268164126,0.0903669347888074,0.34153296226227026,0.4472228015482781,0.004328527720759245,0.013348336714674862
34,0.03931378827697304,0.003852437087185425,0.05716379951852183,0.09704959380225317,0.3444705297926949,0.44093984086344507,0.004442964479471551,0.012767046179455035
35,0.028118966370752434,0.004393099785510089,0.04993777593751393,0.0982014538161643,0.3302997095606265,0.4745042424063337,0.00475728721228033,0.009787464910818706
36,0.03147146962577354,0.005025858084646143,0.06109478471732929,0.12332416704193709,0.3413683785528237,0.41880468184794406,0.005559551513371009,0.01335110861617523
37,0.031528502110131924,0.004194932109910415,0.06671855319710611,0.115479176771455,0.3222778666691498,0.4453559192032039,0.004387932575996329,0.010057117363046464
38,0.03182819482761854,0.003992518935592047,0.06152913609796397,0.11094887628018471,0.36339404430001787,0.4127311951141604,0.003802730899817354,0.011773303544645126
39,0.023115544445578173,0.002915580411061352,0.050348263416404054,0.11156743840127441,0.3158592926970086,0.4827388807229988,0.004421171001604078,0.009033828904070514
40,0.03416681585773061,0.006189173741361182,0.0665817228430834,0.10789805245477321,0.3242727555930865,0.43178320361227185,0.005153038375383859,0.023955237522309412
41,0.032579956928633594,0.005738106369666567,0.06652927711681181,0.09768687866708059,0.3284271125774041,0.45578452494977584,0.003059403482090482,0.010194739908537042
42,0.03293024088850105,0.003647605755263852,0.054549895625957585,0.0994937800510672,0.35167178649883196,0.4381098865863661,0.004088256630043321,0.01550854796396898
43,0.03354621248956808,0.004189269254075668,0.0741902662011606,0.07348842781433537,0.20361883051659319,0.5885809647197631,0.006108631839690805,0.01627739716481325
44,0.032476260599495925,0.004410498813414601,0.060154802745269395,0.11206961907375819,0.3213594314959632,0.4542037481451536,0.004516193880642818,0.010809445246302259
45,0.028527820775731228,0.005247777939077454,0.05922643163322627,0.1020996471082537,0.34176155711539286,0.44982441150674685,0.004169071996130146,0.009143281925441532
46,0.028323593128476276,0.00409088112577198,0.052846125820798825,0.10552541843950682,0.358362611504909,0.43571686509620333,0.004656439551105994,0.010478065333227784
47,0.03682421378022558,0.0036358703301864526,0.06843585952994222,0.10238304424148026,0.37167039195018353,0.40053028001072166,0.004029686085368272,0.01249065407189216
48,0.02741988896715105,0.005502731850600051,0.04414407165912766,0.11511800191242871,0.3358105355840839,0.45082831973610404,0.005954208927103914,0.015222241363400722
49,0.03206574136721586,0.0024816177535695164,0.07685036280982047,0.10439333405075267,0.3622614112253654,0.40160938750614955,0.005288866041343834,0.015049279245782856
50,0.047079056365610876,0.0032225025279766333,0.061298548364121574,0.125313763701106,0.31200001515411935,0.43685441019541416,0.005313645076062512,0.008918058615588916
51,0.03380094851576503,0.0040158506333839,0.05727940303616111,0.08868448756809348,0.3572866366921372,0.4400247922428244,0.004007109048978301,0.014900772262656481
52,0.03612241156712157,0.004614052282362637,0.06420230325588289,0.08479545839938889,0.3255780669930497,0.4704031283519131,0.003991070456752425,0.010293508693528764
53,0.027236382379743556,0.0034615177161839293,0.058430554203199606,0.09074222033297492,0.37856724224877386,0.4252952007488794,0.003914257819031724,0.012352624551213042
54,0.027573427146915165,0.0030404357774529473,0.059245564815661636,0.08141609392570574,0.32827183827392514,0.488531868990604,0.003274820599771642,0.008645950469963722
55,0.039147333536728966,0.004855776179308233,0.061108359449478206,0.10332026106340511,0.29523919801740606,0.4767968669097979,0.005742448192958824,0.013789756650916777
56,0.027579732275882854,0.003329385162619629,0.06297628242077666,0.09553006129543301,0.315239474089412,0.4728202458393361,0.004423918852084444,0.018100900064455347
57,0.02939087823953846,0.0035676254702835314,0.05565933559125045,0.10290667912839471,0.3611347915798035,0.4330113177874077,0.004433673533948686,0.009895698669372932
58,0.027321375112199727,0.0034154625826056054,0.06039241573264572,0.07415584564676064,0.33832887498139874,0.46183102530604464,0.0041604562085877945,0.03039454442975728
59,0.023538165151473067,0.004391356877517381,0.06538879782623323,0.08648985997520711,0.32806323839143287,0.4760749074893686,0.0044500793495814645,0.011603594939186371
60,0.03136460012598843,0.004390783860612566,0.04871991094052976,0.08963305690875312,0.39174273660463216,0.41806090069003005,0.004584463381148257,0.01150354748830579
61,0.03418314048409655,0.005538456260914474,0.04827876105937608,0.08479894276399458,0.34744322455801613,0.46149851303976813,0.0038950701646417673,0.014363891669192124
62,0.02923555882456256,0.004106161173575818,0.054399908242632015,0.09552479273372397,0.340299830678932,0.4553848492784736,0.004387442982042824,0.016661456086057132
63,0.025809353959936235,0.00427417656366305,0.04654617285650511,0.08128042289862404,0.368800904791081,0.4610077667118039,0.0036799334403768854,0.008601268778009742
64,0.03345685308200478,0.002811221849416059,0.04791434599688852,0.09248919290298177,0.38325910504379074,0.4256441579854021,0.0031971171793799516,0.011228005960135946
65,0.03219464212907644,0.005784911594411896,0.044819464774989465,0.07611899373119517,0.3518761626604625,0.4747253558430236,0.0037834990826576455,0.01069697018418325
66,0.03371586513046656,0.004536079714581042,0.052865780137871826,0.08515141411448934,0.33337730579500474,0.46319786497570786,0.0046432905665429736,0.0225123995653356
67,0.03119768867835634,0.0037594494366283097,0.04784819830634169,0.07595534196614293,0.3285243787473373,0.4879279944254141,0.003571731792359246,0.02121521664742002
68,0.0869609543817383,0.008655430589668198,0.037188830176679115,0.0924190268757092,0.2934613021451911,0.4638633036162725,0.001850000670800201,0.015601151543941372
69,0.044947639209928586,0.004041812407301885,0.04363636174250989,0.08306346968572081,0.29941334833746136,0.4928772157852066,0.002106933342958429,0.029913219488912367
70,0.02652781336188964,0.0023034498998038785,0.06383861280236883,0.08718418065589713,0.3179507028470856,0.46453420610499363,0.001960409549162666,0.03570062477879866
71,0.016841905002613934,0.0004500307214824553,0.04018209217849928,0.07835973834457517,0.3617005872217303,0.5023205803708791,1.8437563687239263e-05,0.00012662859653260724
