,Excitatory L6,Excitatory L5,Inhibitory Sst,Inhibitory Vip,Excitatory L4,Inhibitory Pvalb,Inhibitory Other,Excitatory L2/3,Astro,Other,Endo,Olig,Smc,Neuron Other,Micro
0,0.047519063175433966,0.09642213299147456,0.11567513351025001,0.0774664203774074,0.07231912547135685,0.08502774383238607,0.1540353903081489,0.08434965062533845,0.14120964198733513,0.032323313728382146,0.04815693970692455,0.00032875465066010295,0.01791460940757103,0.02698337935121689,0.000268700876113935
1,0.04572906523761653,0.04792591498546455,0.09171945568213286,0.0765902191419319,0.06613614634286727,0.06273479960062701,0.10110041535894937,0.0001745286087033458,0.12287210207373352,0.0174547925587906,0.08293270843956087,0.1414604911315238,0.1330010434564124,0.000155211316800153,0.010013106064885818
2,0.0407342303567659,0.023299855911179397,0.024611882442224533,0.03422335123095725,0.021522490836347972,0.05212373407655642,0.10050909456861623,0.0001656085589785025,0.03560457714194955,0.10146901029287694,0.023538273313365984,0.28020925032378957,0.0794533686585015,0.16123582741611306,0.021299444871777175
3,0.03761500896563869,0.008570483791221302,0.05042184834369429,0.04428431174858895,0.037329877861569764,0.0649842479846875,0.04746082867381369,0.04450342962726462,0.08661346818692649,0.07231699257067506,0.049803474881080126,0.2528824085230278,0.051929468414445706,0.14618970243315407,0.0050944479942119794
4,0.11325002524859298,0.04445448586870265,0.10750562309935292,0.06442726211068334,0.042634652964151976,0.003749424493639142,0.06427301824255895,0.017105052371781698,0.04363336367296434,0.04100905375115555,0.11169942374858306,0.11041741094007052,0.0692865140467022,0.16645442827717716,0.00010026116388352927
5,0.20986083795000046,0.05699064546530116,0.04468181329587001,0.07675627990389507,0.04038534375660933,0.09295595591741675,0.03835462854658929,0.0005561643787977944,0.07584164307326711,0.052879410671034605,0.02935476890712589,0.01224094463501519,0.13033344338351383,0.00015394121882709023,0.13865417889673645
6,0.21537871365367214,0.02053428787062956,0.11886261300561024,0.0662024541957392,0.06230056745651715,0.05445325711293535,0.08394605376664997,0.01940028291333486,0.06257662881001669,0.05868282230171634,0.04033172667660783,0.06416896242125862,0.06978404955925963,0.0018145781264864293,0.06156300212956602
7,0.09799860209384155,0.14128734167049878,0.058302751254331014,0.11542834558983363,0.023837050320099154,0.048246054457759445,0.07056993919581209,0.0008578972816508106,0.0687782056434745,0.13201878817965823,0.1064484175266656,0.05245963757636668,0.03856072450255334,0.03721954279454861,0.007986701912906562
8,0.09018349416088128,0.16690388553569033,0.061397498448487096,0.04735762095548688,0.00740063802027194,0.11022398273068365,0.12466316418903405,0.01639573810840699,0.07160763351308459,0.07086539704990664,0.008585027450228938,0.09439595275341013,0.09281838417476414,0.03137885687922959,0.005822726030433737
9,0.04440100517655858,0.2567362806762532,0.08163821459720799,0.06519396712408157,0.0027374434341391547,0.04624749784985257,0.06304301781713435,0.0005624855574068087,0.08873201188787024,0.16413494728982606,5.949203648674128e-05,0.07346362058425536,0.019416276942911603,0.0007137355527597477,0.09292000347325606
10,0.0465274378753488,0.1992617189684841,0.04696084917449907,0.11264080871051685,0.06589843842399479,0.08597554101205977,0.06291089730736743,0.0028406128955679507,0.05063541198690003,0.06139082661427143,0.045027039434368935,0.005180945932987151,0.059017741204511906,0.12910422055227372,0.026627509906848083
11,0.04026795699723769,0.0552207596478724,0.080860358481854,0.06026622439923084,0.13898154839993704,0.037276598076658826,0.028482012094678003,0.02293078800230581,0.046417996848846954,0.09150463750859883,0.10340535390365896,0.000519533247581185,0.08481932078955497,0.10669695347475835,0.10234995812722615
12,0.03183238514050634,0.07502973870851971,0.017081127626683183,0.0833461779196012,0.23200394071326383,0.0667586204950576,0.05067954110385888,0.029663486008352807,0.055852339518167884,0.04370578907438291,0.004223685365584846,0.019487805709703977,0.07549825839583554,0.18433159260580045,0.030505511614680847
13,0.10198282495575305,0.05297240840645652,0.04239145565096182,0.11306286928686077,0.16889887929016664,0.0955210535351088,0.0056845048628946975,0.07259361334980298,0.05110725809460009,0.02346768240784785,0.04071180264491998,0.021955266009467254,0.07213135862198707,0.039792040734219415,0.09772698214895306
14,0.03962712709814045,0.015693247054238284,0.1515962288405494,0.02294991687945478,0.0735919092846551,0.011581876367882743,0.06935959840856906,0.1899723958360948,0.03064945248740361,0.1084163983003846,0.07581086834701307,0.0009924265360282754,0.10200261793174772,0.00021784048149290592,0.10753809614634516
15,0.037564727445329425,0.02781118028348065,0.05948174057810244,0.04983038133460443,0.04903450558013687,0.06413844604063627,0.02490828005242057,0.2362901326936668,0.04841292739771258,0.06533239128438909,0.1086963818051627,0.017472951493875555,0.08217913067301323,0.06314733657614689,0.06569948676132249
16,0.07193249616494002,0.035539082621178844,0.042296186383158185,0.034354288983047904,0.07098283748505124,0.05572335904881585,0.08436416288004162,0.1482011711397165,0.08182808264637265,0.058777127202954076,0.08686165750072161,0.0015755791970494353,0.06833573648369538,0.14783639816584754,0.011391834097409155
17,0.05832686378110722,0.047955420432326507,0.0614819160094188,0.1064762600361997,0.001281195234184511,0.006533936239424525,0.07627600406343257,0.1683070447045823,0.046328253128250535,0.0313127204912814,0.06747794989407134,0.00023497883680527478,0.10773050730082138,0.08348725897977538,0.13678969086831858
18,0.032431057078520585,0.044472556892882716,0.0617162887460535,0.05105125919192131,0.042919153882295225,0.09804189379246832,0.013948145112099287,0.004685100711470571,0.0751607816841035,0.0710209294842692,0.03698121419760103,0.027165146667308005,0.0397323922101956,0.00947135497483526,0.3912027253739759
19,0.08610670170126772,0.0028496531313104913,0.07473256278106455,0.2312646553862098,0.015677410777187335,0.017945626005234538,0.12304781306325141,0.011438999256192043,0.17202901983869784,0.10146922823859914,0.015076146358175446,0.0003544105859142501,0.11315774791778922,0.00024631440095545024,0.034603710558150744
20,0.02041052372092256,0.09152958906659542,0.1715615618988207,0.05950178922358919,0.045728167321138616,0.00412282002099339,0.08575110736025551,0.019686159505147145,0.13800694554738707,0.05985489773802676,0.01643329574380766,0.06604168515253528,0.0675632901918892,4.20873143912444e-05,0.15376608019450025
21,0.01386955562776485,0.06843552994373794,0.09592606890315472,0.048520630299125116,0.0014328050535400414,0.0083579078241143,0.03563842409309813,0.11636951743489242,0.07413104552432902,0.03828743558867122,0.028890206304615848,0.3853295254931924,0.08380129726269175,0.0002985463720670666,0.0007115042750051965
22,0.020192800941531495,0.054837727514668234,0.04555333318896094,0.06258329537495835,0.02351154082558157,0.06006825793850775,0.007162106723428858,0.0473762561162827,0.020116698114629166,0.02626985683705586,0.08888260651415779,0.35331867075496143,0.0835960314789324,0.10637926951710092,0.0001515481592425798
23,0.16338900387337696,0.06227926339278632,0.04407997065904028,0.07939151400938516,0.025885587847206584,0.0938225511322583,0.05848086544813514,0.0004288466756530003,0.08471669960398756,0.029142802419035423,0.06540226561399719,0.06648546110442324,0.08738342309461736,0.12550766368620495,0.013604081439892581
24,0.19900835918619222,0.054626221325383625,0.06614280458235532,0.16345662030767752,0.053904314276679834,0.0411979305394377,0.015278100480744211,0.00014236707257361128,0.06813814127697164,0.014414115192455038,0.08035395086111696,0.024841426495938485,0.08738267245531296,7.91751869040911e-05,0.13103380076025678
25,0.24449067656524026,0.06964808278742315,0.08659770964216097,0.10735097970406735,0.05957233363474679,0.03268213056133064,0.07454106849781744,0.027356538237661286,0.05565512515455744,0.02647563610958964,0.04359902118322031,0.0220049225923383,0.14886317739312172,0.001143044480265556,1.9553456459158896e-05
26,0.09339199104116785,0.19435972841871454,0.07854034068459967,0.07699345121394217,0.002034285683903348,0.06023769585736818,0.0799830760848493,0.05804692140142267,0.04145773759999422,0.06321890951293857,0.03029796565016829,0.0997636310441075,0.1129022627470452,0.00045063535450802635,0.008321367705270467
27,0.0549648439884399,0.19024172863260636,0.050683670805897564,0.05465052397996213,0.001135438282518582,0.009935505056894075,0.12342541427962106,0.1224732724081519,0.08390378688806571,0.0001751096094820995,0.15091808155402228,0.04551091443585375,0.005801276426440262,0.10608063736870711,9.979628333722856e-05
28,0.03309877893624624,0.10058708050337822,0.08922738107750619,0.04225928733435734,0.0005882685883275938,0.017326786361342515,0.07254677132932744,0.0923475737855552,0.054509585078140486,0.0930110168227048,0.06592170191513363,0.18686415642367113,0.0397283175163419,0.0027624962609855276,0.10922079806698178
29,0.028978849124304654,0.14374521282135888,0.052814081076739856,0.0968088090983395,0.042491850122458416,0.052108486770525396,0.03342865241567626,0.01300281871223154,0.0746637444887021,0.09198878406341292,0.2628800982592374,0.00015422437628449668,0.027712858791298457,0.07903944047491883,0.00018208940451129075
30,0.04342195612519332,0.06234103791548618,0.060118236206926225,0.06455247976978418,0.1036509145174736,0.0703934477688987,0.04146767215602978,0.00011959802251694904,0.04526912465018141,0.07034506171709529,0.23310545437113986,0.011505243329131816,0.02509802176811827,0.06834895511170393,0.1002627965703205
31,0.05012117247916788,0.041170543034319274,0.05072716479451346,0.04953705270418876,0.11249168447635571,0.06727070810261093,0.05717118905314899,0.005001197895535488,0.044252688492390224,0.04228663220353238,0.2000306496132638,0.006503226096480338,0.08248103816641,0.054701501525817604,0.13625355136226516
32,0.047841476834664796,0.03488528782180702,0.04374340694177115,0.04277699992094004,0.09326669751594255,0.10866648390967203,0.04687941980533321,0.13729814450993633,0.05705154254018131,0.10319692541593999,0.23868361981953187,0.002552837645762223,0.023233323907748352,0.009948802253364556,0.009975031157404585
33,0.04909084060127767,0.07258553823835998,0.032088973204851476,0.05797755157449601,0.06715927726209857,0.043159958530031864,0.07112056809702924,0.15198977760902035,0.08907275389394326,0.045190952785756695,0.1686443526574087,0.0007354595068703135,0.06378412187278218,0.0035484421887217693,0.08385143197735193
34,0.038558380204647476,0.048971991359955495,0.04666970006833282,0.06445820081984767,0.04685134134534511,0.05008420717059098,0.05101601484914284,0.18521177856633045,0.0549374286687053,0.08871701624867576,0.1508232180608523,0.00720699659050882,0.03198733279868625,0.0788853685846767,0.05562102466370206
35,0.03125907515192162,0.038315061912302786,0.034573821587019334,0.051878370626174085,0.030086918411948556,0.09007440800347112,0.05739045626571883,0.12911051695579423,0.022016382723362697,0.06089907410401611,0.1616410634606286,0.03496535239020969,0.06546534506592665,0.062469807074436154,0.12985434626706957
36,0.03891201468113883,0.03209089174057884,0.00972834049247159,0.05366900867538913,0.02765138234643004,0.060792594431204675,0.0391659540500967,0.09955620385337753,0.03789772027668162,0.0635520452828796,0.13338464547345366,6.478850006935485e-05,0.06642196679472291,0.16133826257845021,0.1757741808230553
37,0.04514441611209883,0.03048057615958725,0.05530483222759558,0.0383915786266834,0.010851236082945965,0.06723027192716953,0.14136735347242022,0.003064454408131201,0.07261160884064718,0.02043831048830459,0.2035161969636777,0.007097068422857121,0.026528334706214355,0.14827675612217892,0.12969700543948814
38,0.11300063912746719,0.07795579784395004,0.07724382249906359,0.10755087778543694,0.015740354287502766,0.08552798166621525,0.023604650992346238,0.20047919842978293,0.03610504253015627,0.10979414919631854,0.023891897808079376,0.04923062003106567,0.07769085261831692,0.00011203511382296237,0.0020720800704753383
39,0.05817790130424243,0.03043642245207995,0.040891909209904945,0.06531943724063762,0.010063582462415758,0.0817940161443962,0.07836609640724936,0.004684384520161745,0.03311879241775618,0.009192264981186124,0.0835263853084532,0.2684646781211618,0.020785723033414156,0.21176255307736702,0.0034158533195735017
40,0.04826180381278254,0.020007279084370763,0.035133128016935654,0.10358301266655547,0.013219073497156312,0.06371424954011069,0.07348961142380266,0.03245391139281603,0.05331696833660527,0.12549644871117238,0.0353285229893028,0.33423397498311147,0.04517694114033473,0.0088248055630609,0.007760268841882335
41,0.05977969031799381,0.023982052304910035,0.06789833915509212,0.053111422620864324,0.005873343419237956,0.06332327024280836,0.026973194847031083,0.047336066322942245,0.08021500553216676,0.17131035579894657,0.03205794276186824,0.2876699565487208,0.07830583774898407,0.0015758866782460744,0.0005876357001875656
42,0.135683893587672,0.08319268867744228,0.08902070143236658,0.04374373250655362,0.03602858353617676,0.017807136250348497,0.0840933122737627,0.002569567986110618,0.06928261518370407,0.08759989078802796,0.015238388026827575,0.10618788295553985,0.09363225946461341,0.08948783165283748,0.046431515678016594
43,0.207821523414036,0.055351648654784334,0.0572549345262924,0.07062159274453854,0.050311072779761566,0.06970900321131789,0.0397419619681691,0.011799312535467654,0.07160672408878169,0.02680357955328332,0.07470780399057023,0.02439722632734433,0.10488035623646323,0.04627336847713452,0.0887198914920552
44,0.14087237377798406,0.0728241265326372,0.0695367545919217,0.061674311036109083,0.03442337172016781,0.16171155440405682,0.024355521727419237,0.019014332216199994,0.0945607513572611,0.050837176286149706,0.06385337395244639,0.029778682630762377,0.035832481508765245,0.004538602280982982,0.13618658597713632
45,0.0571506200557799,0.10857752676590487,0.0936906551787135,0.06873271699707402,0.0065923102701014044,0.06673719918475696,0.052878766776502294,0.11317468202516051,0.13450030363118476,0.07502577091350582,0.1287684254410064,0.022998998624364112,0.07079904786004229,5.9216952827208115e-05,0.0003137593230759843
46,0.06086417055002615,0.1623271639947609,0.05081717478087104,0.06209142564768648,0.016607955547689023,0.05198004758298718,0.07388935166155577,0.00041464861937753054,0.1222221534640212,0.05586534180716736,0.037401870796894554,0.04967817753835871,0.050415224130103554,0.10194540232181082,0.1034798915566897
47,0.04650509064930173,0.22492060041561163,0.08098016837407447,0.09658249679342343,0.039212480197358145,0.06245342043071033,0.1556226625460804,0.046316965083289564,0.08101156436943714,0.06623097728186993,0.009276696637654042,0.001963887049062419,0.0633777789138145,0.009045076226347546,0.01650013503196472
48,0.044790665286499415,0.14586825479961135,0.06814339648462331,0.0683906034608316,0.1391537262695903,0.08359102889203354,0.08042506501758993,0.001702455128886826,0.058543885365506594,0.05203814096582559,0.039191088980534895,0.01714082225341692,0.08667864354208951,0.07961818525435624,0.03472403829860398
49,0.05012335283654728,0.06862077917397381,0.04495824234775993,0.05110895582644654,0.19578316157282924,0.11665782193718263,0.0370731437667858,0.00016383898673203524,0.06841077943543619,0.008149503720245067,0.03755492965973969,0.007618094558648291,0.10620175592585228,0.07923537080934036,0.12834026944248086
50,0.07123830600251348,0.01058320840717302,0.025968819392896567,0.061591304208941794,0.16205577511719843,0.1212152610941129,0.07310625140659734,0.005212131847233314,0.039575262715687384,0.04188165494075802,0.08742955409091713,0.002611422071907799,0.02571227679888953,0.263613395643164,0.008205376262009284
51,0.05811185470757892,0.029273150718212137,0.04081665898080446,0.07146645303679314,0.06952330443704348,0.07642657650695074,0.07276856868261951,0.14436588957009916,0.05159556571716493,0.011792797523399144,0.12556705660507922,0.023070081747904217,0.05275688175355319,0.04647384801768306,0.1259913119951147
52,0.06410709786037075,0.02064418973541085,0.05552725016535197,0.0516201799849877,0.018934971278224636,0.15717672185153478,0.0359363022845152,0.17222713358343802,0.0348121593120897,0.025110083067596798,0.019972119048515802,0.0007164289964270719,0.06059017639496193,0.20107135343598462,0.08155383300059019
53,0.0851901330092296,0.005912894521591104,0.069662789433365,0.11888954863011417,0.13408333404251824,0.043135938742812345,0.07101225086393095,0.21588530399674638,0.04237848510892779,0.024064558752478638,0.00025131040621524143,0.05302621910631629,0.06012346480291376,0.0004660352044059743,0.0759177333784345
54,0.0672053591028417,0.001175281275447862,0.159905874102415,0.08347422479238473,0.05511929481043659,0.02225267474239292,0.06565723283936738,0.24215401147719975,0.04460735459569943,0.05121717903209886,0.02067190597199113,0.014723402749631683,0.10644232779186318,7.198663212302145e-05,0.06532189008410678
55,0.029454999480105312,0.011524311703670641,0.0580138468220614,0.060578985571162515,0.056284015752288474,0.023705363837126275,0.18169289214380804,0.07572301228473488,0.10315952619878864,0.047309634839501485,0.027162619154725093,0.008399539504566922,0.09886922166888211,0.00010811558855364133,0.21801391545002458
56,0.05703149856286536,0.025602146522665122,0.03434985823637507,0.017903738201149523,0.012691175162729945,0.08361794711978952,0.15272696487468798,0.00471033796704038,0.18809123380656487,0.16866162590758313,0.19806565282747643,0.0034731171850380747,0.0024425441932768785,0.0002814740891610872,0.05035068534359662
57,0.0700912423032304,0.10547826771370894,0.050032357700043606,0.04173109180134011,0.00011358033750331694,0.060240182246213504,0.07837406362704541,0.13374203649245847,0.04085556191128759,0.0443582187235474,0.045538477328922924,0.08377481898521721,0.07015167992236844,0.0010021644055726786,0.17451625650153998
58,0.02853481960156003,0.14075899962498423,0.025664566913715006,0.05636381866228018,0.03518014007520238,0.05701523241664879,0.08091283911394913,0.008037245094090512,0.11186167622955263,0.05954659470394559,0.0970220842753241,0.14957716696314194,0.06358654437814677,0.000120286191472158,0.08581798575598655
59,0.06684107680741452,0.00803629033304758,0.08747234728699715,0.07477850573696825,0.02236140886406669,0.03287043454431694,0.05271711230243253,0.006351314583416833,0.03686044885860646,0.07375073274792564,0.08829981786294828,0.2956829715538176,0.1401226336930517,0.011296066550789198,0.00255883827420065
60,0.05431928885237083,0.0015336182552012467,0.04724291423132536,0.062157301860915816,0.015670089819995077,0.06498638092103859,0.08520094413149276,0.019158972674319187,0.011873949404038204,0.09211338251183049,0.06102238984575162,0.3544765311195957,0.09644740903662415,0.0014144153385695281,0.03238241199693144
61,0.10801172021658073,0.1220869958506054,0.04533147392250541,0.059797561827743255,0.001221623774492101,0.06888214075077975,0.08595676149088566,0.001761249624853044,0.04248561466683711,0.10254928877855454,0.05890489198155844,0.08995253227348124,0.049148606102274145,0.12475498962941658,0.039154549109432585
62,0.12560622349195535,0.03741772978492901,0.1004956765610015,0.04073165138894284,0.06212206575095815,0.045183236669798864,0.05395107940293964,0.048954271057447214,0.07212438017647542,0.12442061076576769,0.02361806028895523,0.03376136499124325,0.0516760865775065,0.17974227917632807,0.00019528391575129937
63,0.16882797450413944,0.05102805439396266,0.09220518329715721,0.06918729853440272,0.04194314815096702,0.07002999599948426,0.04761196760238481,0.0008698643629422557,0.03941664354125542,0.013632276150722862,0.05037687089029762,0.03107989677400858,0.0863049103216338,0.1711439680304901,0.06634194744615128
64,0.09004603857668116,0.19790164333189214,0.09219653657983543,0.05312954630587646,0.0007542215992719654,0.014486828096532891,0.11169305470937614,0.02403334975628074,0.07798688638226471,0.05536030408916046,0.0007053658437991778,0.014587232694721584,0.05664644814844367,0.2103032776117597,0.0001692662741037513
65,0.07082866852553386,0.22229392163617645,0.06279240467748619,0.08865443142931229,0.0023929528341233314,0.09182137154301948,0.024203610065821474,0.0019796589313979536,0.05714907519814447,0.07164813830051535,0.03574589991784569,0.12329476491256838,0.08961005991618634,0.0005378538109681214,0.057047188300900616
66,0.05483558920703418,0.15365058946054772,0.0769713844650809,0.054355250346918155,0.015618100905518637,0.0831087119030219,0.058352944364133026,0.21632024218380036,0.08028843880530996,0.011566689553614154,0.025559954111279017,0.0009657671662815562,0.007900395947572116,0.04825059649267403,0.1122553450872143
67,0.02929940055200563,0.09870312713319807,0.05596923082313604,0.07528709140217042,0.1355459708962196,0.05018552231416666,0.0458592259433688,0.0006301881565306195,0.037917693133211,0.052246144972619375,0.11712063644888483,0.04915165939989174,0.040016665923463535,0.0007731449858924026,0.2112942979152413
68,0.05354102947917722,0.0265034063732312,0.04047978996367889,0.0626021043157444,0.22905984447140723,0.0866549841617963,0.031273340343654546,0.0007801449869380493,0.0732773656063979,0.09487456224451964,0.08621760698600192,0.023810682609093053,0.032399164330674884,0.10306350810427502,0.055462466023409776
69,0.07290309109334381,0.040876644566601346,0.0590886627019961,0.06792555456141053,0.2413453964516399,0.052450179381090686,0.05796706079577228,0.0005874636077325322,0.05176134090059729,0.053110246692312596,0.03851816193962324,0.06356014115741111,0.05745638613082434,0.09735164261910095,0.045098027400543264
70,0.0777706558948169,0.06674466227567717,0.06238652606188651,0.0703200514890884,0.1844259551660271,0.10394923666754566,0.062405837944829325,0.0429987949991039,0.07915567375224804,0.024607759011302955,0.03367144341672281,0.041933830618675616,0.11736398226048966,0.0019023485410375287,0.03036324190054841
71,0.06909259087169826,0.03325254569300437,0.036410530369794046,0.10621354838618055,0.08137222044803549,0.05625129792449757,0.10807533406158082,0.18814098731294163,0.08108870006534191,0.05944468710743935,0.04452286126345305,0.012212748855487014,0.09948644779025516,0.0004767355412717352,0.023958764309019033
72,0.05776613538175795,0.04179202032660547,0.05819356711599807,0.09568486022596902,0.07520255994728144,0.16315371983247803,0.06206505624479205,0.1338011933376369,0.08118871731953416,0.056358027840113865,0.05470685402552159,0.025666116658898144,0.059648851917923025,0.031120323723804914,0.0036519961016853843
73,0.08561531469765388,0.013888715958466627,0.058274934489848794,0.05238026504218028,0.0006043435765835552,0.04221610261398586,0.06166178592554615,0.30968645122262795,0.04870550522317561,0.02610850206125947,0.04964788413301878,0.009792570236138188,0.07051903440870635,0.04152489485440785,0.1293736955564007
74,0.015488045669990626,0.06733416669335444,0.05303004452612602,0.08752797926929251,0.0015831087228900236,0.0857144079891364,0.14999640281890564,0.004400735084758943,0.08474398858593674,0.028318941459152088,0.0007762042316384531,0.027583301380816355,0.06547058971544013,0.00023078185921377237,0.32780130199334784
75,0.08085150864714362,0.055555121944806204,0.01422229508031612,0.13864755231140288,0.008810328707753856,0.13948473021687188,0.03188413230245337,0.004218287044225305,0.25959008573083275,0.15901134163675731,0.0013786224623797173,0.0824915753092085,0.01705328368116502,0.004510779132456644,0.002290355792226821
76,0.008744943546782125,0.12484888211397359,0.04687608911931948,0.0946899610441222,0.15992831239786867,0.019992283865867475,0.24491339450169144,0.0008727810622706302,0.052647709958999395,0.06516663167190397,0.005476465798069196,0.006322314363931991,0.11967954671712977,0.011836671108880358,0.03800401272918972
77,0.06697529552194503,0.17469464156640577,0.11775120697334286,0.13020110191220646,0.008801916528331606,0.023297898119392157,0.036574037588788876,0.0003387384104679746,0.20540701908444065,0.06348059429353524,0.01241664842764048,0.0395704653210717,0.08702032158641487,0.0008190714393567656,0.03265104322665953
78,0.026472429976118712,0.04346148282248516,0.06621819461568255,0.05274659332143586,0.0656581325292058,0.08400639438137604,0.06573120700408894,0.0004024725628176873,0.06798189351572753,0.13918721257146055,0.06611948189911118,0.32130774921448535,0.00021327190835338216,0.00036015080567371025,0.00013333287197756302
79,0.04392165511313601,0.07366082294976666,0.048039196329031454,0.06397968661154958,0.011291616236845407,0.0337106649237241,0.10425790134918037,0.008738475820907024,0.06694983414534762,0.09566604847074364,0.05924942297274544,0.3052877571657313,0.07874386350697471,0.006307587622022645,0.00019546678229402596
80,0.11902810168751407,0.08822824610330914,0.05845574639990649,0.07696058193676698,0.0047467897045227634,0.0668353671255268,0.0852083178984971,4.257582964308754e-05,0.062165970703968246,0.05866050859057158,0.06682362847960334,0.017166327012211696,0.10053108294010263,4.4770506794307014e-05,0.19510198508106175
81,0.15486022052313655,0.03541238160052207,0.06681908720233502,0.07770946186598959,0.009797286204117352,0.024921720321088515,0.05623732376308638,0.07933809144056986,0.05015506835356851,0.13234607298843037,0.10802424474530531,0.030371816658926513,0.05704639235397769,0.04806825475881788,0.06889257722012837
82,0.08417083744888404,0.06305658535270148,0.05922289458786594,0.07770136798108215,0.020864851668445518,0.23152493231428986,0.07901565830991872,0.018108091248275768,0.12722485001549275,0.021619572215357874,0.1449767691259874,0.03950557500799034,0.03288306037974742,3.783379713771513e-05,8.712054682303677e-05
83,0.06112663132083114,0.08935685469150234,0.06465249684017518,0.06237607806806867,0.020693403398961054,0.14768569933690542,0.10258967097551146,0.045242248573457926,0.08572930411829707,0.050409335361563085,0.07194132183841083,0.04994224671232111,0.04095686944756286,0.00011330435652242773,0.1071845349599094
84,0.04015963042848952,0.2557441435014102,0.09597632623097853,0.09448782264654226,0.0031839338545666157,0.07342222149755046,0.07948980830668338,0.0021081948529401277,0.11711861448360111,0.01865602690854233,0.02160122827375808,0.0014403920388826926,0.08369515226832207,9.622084404885838e-05,0.11282028386368374
85,0.049763024803236175,0.12044998327457439,0.03193683304348416,0.033498747467435745,0.014686034182312582,0.05484332276538403,0.05136771564578578,0.013599931670705178,0.06816088000490517,0.0933966972085845,0.044009719747186746,0.03650379857678285,0.08109763468486618,0.25283969175097076,0.05384598517378575
86,0.07045282835481333,0.05191799238179518,0.10731427573151354,0.06380948316671106,0.1674578650223319,0.04868009664230739,0.09434263923788225,0.0007516974363747378,0.06431958630689975,0.03277439672524505,0.12809903687530094,0.06661364747088194,0.083176662301899,0.0016139289292510706,0.01867586341679286
87,0.03251850113261465,0.08607198788822848,0.06698253849429574,0.06329154052296801,0.27892987734961305,0.04436135708193973,0.05243477056161552,0.08838344689742057,0.08922951484233893,0.04466912597166296,0.013617756616093496,0.025964913980615723,0.07573823231322215,0.00023867228691692015,0.037567764060454076
88,0.06277137507492526,0.01626187396252162,0.06142732283790787,0.06074608670118959,0.22622671443338932,0.060052161708453816,0.029335790130720203,0.00017041363025310576,0.048732763900270606,2.3384196426899538e-05,0.09814368356909489,0.007845028653626988,0.07531723418496152,0.11930234250018859,0.1336438245160697
89,0.03288732025717286,0.057669886456628246,0.07253161595251138,0.060637168360538306,0.13338430372180773,0.09518397514079828,0.04321610427316322,0.12318947471749761,0.048014089004157844,0.11041643373794853,0.03523561979766408,0.0827809543815084,0.05021048435253055,0.0015153417140869642,0.053127228131985976
90,0.05321161172706601,0.03165165639592735,0.08148004563953563,0.045660282371653524,0.052625775524607975,0.04702581270999865,0.01879815282820858,0.189067484435978,0.06221184092396774,0.03605287355727063,0.0620608896497659,0.011768571617965075,0.06342826141436703,0.14365072997295047,0.1013060112307374
91,0.05346261083119947,0.0039904757612996365,0.041655888546146616,0.05084277739126036,0.005361972712708562,0.0024243074351306625,0.07570827806119125,0.0450807146099893,0.033147982858522856,0.03339885991755042,0.012721153002865242,0.045642556286146246,0.11161434630386859,0.2957610617314722,0.18918701455064857
92,0.026653334067083378,0.026506985840093065,0.016960643840399647,0.04210137539851494,0.06066880262243063,0.07381229474955268,0.06632367805638754,0.1989013517004585,0.07643910705036754,0.007550329417545146,0.08264793612502082,0.010090873695829448,0.03515980427002219,0.17845556036333046,0.097727922802964
93,0.03334724544718734,0.021189134432677743,0.03882984869177323,0.036208360519866915,0.04753059224800782,0.0486795619679908,0.0328967474045275,0.046434463059583105,0.10696594924647604,0.002132825011986782,0.003834354694263156,0.028326844250493432,9.171789231591922e-05,0.11993792155338445,0.43359443357946575
94,0.04865578924745768,0.030781119536836182,0.044467674064797305,0.04518603957540082,0.02527352839663903,0.046508199402749716,0.0802394520636346,0.005584164186739024,0.0729086475565532,0.026268892698420837,0.002434988313112457,0.1717582362357754,0.1230186919163441,0.0033704302559249195,0.27354414654961473
95,0.06661837262108013,0.16529657684989166,0.07106773569990822,0.1069881948332008,0.0023109168776019877,0.04738434295047277,0.06142474272418334,0.011001543843103806,0.054336196987418955,0.10480122311263798,0.1394937449743729,0.08990620270338133,0.04149049501387065,0.0024448793979045865,0.0354348314109709
96,0.02678007604380723,0.052662688585525315,0.057782074798527656,0.03741145054525502,0.02667413935910188,0.031056087827552648,0.07674775132264416,0.032281162681224385,0.06693859418779011,0.12680876161801516,0.048016107996465794,0.2570907746987022,0.04014944168259271,0.000542388750170542,0.1190584999026252
97,0.051420192040133025,0.04576708453422121,0.05450831944420671,0.07215986248777918,0.038320319840987375,0.04245262939096658,0.045680358925501055,0.002041768459548887,0.1058597226388387,0.1038808617698464,0.009473022894562257,0.37809897805458914,0.04946686819289475,1.568107179468451e-05,0.0008543302541300447
98,0.054512767129866496,0.08309894763789556,0.03255579894496753,0.04467751814641901,0.0026143542224563625,0.0485619821733211,0.018291654233822407,0.05919484307675437,0.0399841884102508,0.030366448390901808,0.06094754407709102,0.24508406800355928,0.03271399389408414,0.19516709039127977,0.05222880126733035
99,0.16317021408823124,0.05463422483130121,0.0421175455289218,0.06269946087449012,0.027821422031817714,0.08906136751952462,0.07607036221186773,0.0006349425436649918,0.041769507878820694,0.05811318018782665,0.10945935250891409,0.09310515802075865,0.12789399466937515,0.01326149938261049,0.040187767721874816
100,0.12269429375694081,0.03277842019052626,0.06647260071751808,0.05208796747896118,0.011835312761391036,0.17037739143208924,0.04890139061622871,0.027649509122310248,0.07728662680192953,0.01791900894986671,0.0719197590683867,0.05520478028116369,0.07284420575007494,0.16655334068353617,0.005475392389076698
101,0.12383567100096296,0.09291939950761177,0.09086107511251466,0.08683545948901267,0.07840576855982208,0.12612885998145137,0.07748715085614806,0.00418983903772804,0.038047154471073145,0.07035519212142652,0.0002664361762930416,0.1408652440170627,0.05557769299792731,0.005714285173593858,0.008510771497371807
102,0.0245947831949977,0.0828415091621795,0.16739121941926152,0.06930839718710695,0.07836857993806094,0.0002977566820200137,0.12816904630142073,0.07957293697772234,0.08588187048582083,0.08291036274270858,0.07826827562269065,0.03410834625445669,0.08721111241710675,0.0008702552997835534,0.00020554831466325978
103,0.05203652461711354,0.1661127535407392,0.03942403406210072,0.09285337462197453,9.621747222457362e-05,0.0679090242596454,0.04800100862742489,7.613245696140363e-05,0.06995481706702417,0.011119889050082817,0.07049819386669941,0.020750841853864218,0.046164312200845666,0.27030453949063554,0.044698336812663934
104,0.04479245196747419,0.11936216281292204,0.0814672671769138,0.05861118609660455,0.05124747928597634,0.16548498016677046,0.06624530219111478,0.03441948061504282,0.08090596932165213,0.09327739389079456,0.009507037893973827,0.11553078855849833,0.024615103036312723,0.0016535062515341237,0.05287989073441533
105,0.0746439312437527,0.02025712386027823,0.06823810989889366,0.060979135687297945,0.16350730470595265,0.0768539392734972,0.08792112180392031,0.0012650228653273948,0.07667202057549272,0.05444492845037356,0.025458730027541197,0.0006975922981774617,0.07820280258091146,0.011000927559381935,0.19985730916920158
106,0.05085533542994187,0.041556755639147555,0.07774669011492158,0.03554535858355245,0.19714897482390106,0.11430976721315844,0.07209177010219958,0.0008999496783617596,0.06756216420412338,0.0005157755978694768,0.04847833697188885,0.0002263704355701966,0.12429640612736079,0.0028068808677840103,0.165959464210219
107,0.05073055772012097,0.03638600771251937,0.09096266644547844,0.0537782197881111,0.22737930746875123,0.04994006604687288,0.0673941246386813,0.07348002978609873,0.05926174544863454,0.03944333341812589,0.09070485985998578,0.021109128831536032,0.08757284738549109,0.010838939315083224,0.04101816613450942
108,0.056075927222271775,0.024658536668049718,0.0413559471546755,0.06674485048763573,0.08063967916389331,0.09017059940078538,0.06298444730273871,0.10604357434130551,0.07246855126138994,0.05985130179889981,0.040355423907602404,0.019119414883241526,0.08173104317103921,0.18669671821315362,0.011103985023317832
109,0.033918147850985,0.050793619439351935,0.050281138607621095,0.07358947910370996,0.0738635813730049,0.0748800785874055,0.08696325773176294,0.1704657431952034,0.056245865384593266,0.018595039681669034,0.12441286405807182,0.035735105876607984,0.045228235700272505,0.1019375381523724,0.0030903052573682263
110,0.018480747255602382,0.05621738246594085,0.032435628229577546,0.08446808256911822,0.013899489302337727,0.03919534520823656,0.08280026798425671,0.28031977384304096,0.0385452977097281,0.061529588122175946,0.06725387218683361,0.02121526765980151,0.05240999073273676,0.031216281826129143,0.12001298490448395
111,0.09875148288029086,0.0015067152393604742,0.12040123165381583,0.06487973504367121,0.030406662672401382,0.037673815858801064,0.06742078180692675,0.1477809044413487,0.06950512247897507,0.15829097578631793,0.0023616219653176057,0.027179239472514993,0.07126208428694818,0.09412224541671298,0.00845738099659701
112,0.03172839319896932,0.01917738151605945,0.01722257404087339,0.06838504255731763,0.07601412714995122,0.07374040710436253,0.10275807235476843,0.0661321829553468,0.10120481528292655,0.0864517263046818,0.26535711737736756,0.039339060699693444,0.03866242830288323,1.219967622121573e-05,0.013814471478577462
113,0.04999960145962664,0.13124676417118553,0.05640625277401039,0.04214382325194129,0.004016385544357298,0.13424393250089434,0.13731361463367703,0.0662029889421067,0.09406955538971457,0.03459344401889456,0.14460240531477558,0.01321292908979595,0.0534256548468321,0.0010649045178755623,0.037457743544312486
114,0.022169342205982327,0.10872178412101602,0.1103274964987784,0.10136325846736875,0.004749207681222908,0.064274440495439,0.021550192125279952,0.01272949664891624,0.1657892485817377,0.0628880794264056,0.00012001177189504601,0.2352719616636706,0.04855950083698941,0.04144963166700234,3.634780829569405e-05
115,0.05920723311035898,0.018625461572853434,0.02640830607608575,0.07188253743245754,0.0693566656788909,0.06768717311863875,0.03400866221438953,0.0003907641357575347,0.03508585393047858,0.10258685221786955,0.00748993469301877,0.46418334828588104,0.036435682192615906,0.006521604161694435,0.00012992117900931157
116,0.11769258104716313,0.04796628651303775,0.07393363105274021,0.05182029417994396,0.05203561280419224,0.04574446414632471,0.05990767964653059,0.025286206231649174,0.02493454292923056,0.017166310955359004,0.15774877645181937,0.17638588566998642,0.057503800714584934,0.0917547882853162,0.00011913937212174834
117,0.14485130445079963,0.0796809127078214,0.0573380732344746,0.04392876236400881,0.0377563380264351,0.04475566520777907,0.056634354723241596,0.000318318575507929,0.03593003087359791,0.0613619765275414,0.05067332887198761,0.08436794323184105,0.094155169847679,0.19207311423716225,0.016174707120122634
118,0.18461441775891677,0.056016520526842924,0.013829895583812965,0.07772238105488229,0.10310184680294596,0.07007312699243222,0.08834524634649346,0.0020666693401423485,0.07035633911684575,0.0681503543829329,0.033972675641853384,0.014724197376449845,0.12498334560293037,0.08350863415755343,0.008534349314965398
119,0.15380195335741492,0.05410453159198977,0.06262102580484614,0.06574450910319408,0.034052605035906805,0.03671464973557508,0.06822549427204272,0.03902657716243873,0.071243902737669,0.041093601223202436,0.11084373989919717,0.013063914597306459,0.07061964993113677,0.10342771148298548,0.07541613406509447
120,0.02899059789039866,0.15812401842908463,0.08812089550151717,0.0594447293210773,0.0006646255028059281,0.07416085432236179,0.04963469068243129,0.000798308726828121,0.06377683866482484,0.0628346797918844,0.05343120195983428,0.10417372008358436,0.0035211524586332356,0.17122181939572678,0.08110186726900724
121,0.038671981994388156,0.19240555037110946,0.11262351510730992,0.05457149868418657,0.0034330597737557626,0.13965520513586804,0.09241207910951832,0.026646807999171976,0.05088309393117436,0.008378797273405885,0.03807386496575483,0.05206324801147204,0.05730303914461438,0.026550121614356503,0.1063281368839138
122,0.04657448971569265,0.14767095951618334,0.054631099046486394,0.06699012974010875,0.11963183472269646,0.026851989127400163,0.10436141019326699,0.037691398242243636,0.07451356844101431,0.06903824936857217,0.062212334401410635,0.0002540909895054938,0.06195430947761943,0.03882872908814757,0.08879540792965203
123,0.062228502900237286,0.04517434289512771,0.0566436096246074,0.05377155884704593,0.21523575607685874,0.06659272009916647,0.0657545538181908,2.1698499816796632e-05,0.08915510212855435,0.07550458458453638,0.04517464580927661,0.038090426580666255,0.017108221687767905,0.1352232201142541,0.03432105633389327
124,0.05788042657498559,0.11797236995095375,0.12408687339612762,0.06438999698580798,0.19643468640628406,0.0524942056116601,0.05889335854199362,0.0021599968076956686,0.10485607517420185,0.07733596401432882,0.02023050862518669,0.04172998816539713,0.08099950662479222,0.0003795334355606401,0.0001565096850242383
125,0.08926791374555235,0.07963898204449034,0.0862275764154191,0.059763177392309116,0.0703108307631225,0.049856063320059214,0.04099917395782206,0.18712401419054692,0.05412945894157084,0.04222687719914751,0.039533111877795554,0.02407158926618001,0.007621697589143086,0.00010904851122884356,0.16912048478561256
126,0.053381103226248346,0.05020824999094711,0.050553455989471974,0.09466226801634262,0.0829020324664595,0.09325575718750724,0.09757796081601837,0.1028582308889566,0.062481718489120236,0.06582165891194015,0.12478744744836025,0.023576846251644357,0.024186377314632957,0.06388563438886974,0.00986125861348056
127,0.03688510981366214,0.08438372820382695,0.03966059378040476,0.04552642819568119,0.020956082014730284,0.09302402430650478,0.11568124581543113,0.07165511922562968,0.06319920675856719,0.07348046565978501,0.0813898898144907,5.120869457646888e-05,0.05232600811654295,0.07591068589075968,0.1458702037094071
128,0.05673138169215611,0.025018427823016127,0.06047316002345312,0.07868245162373616,0.05642087281040534,0.033297924919252674,0.10599579905034454,0.13970777234281803,0.08950105903405133,0.04452388824439069,0.1287270700831394,0.018423877680388952,0.1120007534714516,0.048834540151868104,0.001661021049527838
